7
cr
[109,290][114,277][112,262][125,265][138,265][151,265][168,258][176,254][178,255][178,254][178,253][179,251][179,250][180,249][180,249][181,249][181,248][181,246][182,245][182,244][184,244][184,243][184,242][185,241][186,240][186,239][187,238][187,237][188,236][189,235][189,234][190,234][190,233][191,232][192,232][192,231][193,231][194,231][194,230][195,230][195,229][196,228][197,228][197,227][198,226][199,225][200,224][200,223][201,223][201,222][202,221][203,220][204,220][204,219][205,219][205,218][206,217][208,217][210,216][212,214][214,214][214,213][215,213][216,213][217,213][218,213][220,213][222,213][223,213][224,213][225,213][226,213][227,213][228,213][228,213][230,213][231,213][232,213][233,213][234,213][234,213][235,214][236,214][237,215][238,216][239,217][240,217][240,218][240,219][240,220][240,221][240,222][240,223][241,224][241,225][241,226][241,227][242,228][242,230][242,231][243,232][243,234][244,234][244,235][244,236][244,239][245,240][245,240][245,241][245,242][245,243][245,244][244,245][243,246][242,247][241,248][240,249][239,249][238,250][237,251][235,252][234,252][233,253][233,253][232,254][231,255][230,256][230,257][229,257][229,258][228,259][228,260][227,260][227,261][227,262][226,262][226,263][226,264][226,266][226,267][226,267][226,268][226,269][226,270][226,271][227,272][228,272][228,273][229,273][230,273][231,274][232,274][233,274][234,274][236,274][237,274][238,274][239,274][239,274][239,275][239,276][239,278][239,281][239,283][239,286][239,289][239,293][239,295][239,296][239,296][239,297][239,299][239,300][239,300][239,301][239,302][238,303][238,304][238,305][237,305][237,307][236,309][235,311][234,313][233,315][232,316][232,317][231,317][230,318][230,319][229,319][229,320][228,321][228,322][228,323][228,324][228,326][228,328][228,331][228,333][228,335][228,338][228,340][228,343][228,346][228,349][228,351][228,352][228,354][228,356][228,359][228,360][228,362][228,366][228,368][227,370][227,374][227,376][227,377][227,378][227,379][227,380][227,384][227,388][227,391][227,393][227,395][227,398][227,401][227,403][227,404][227,405][227,408][227,413][227,419][227,424][229,430][229,433][229,435][229,436][229,437][229,439][229,440][228,441][228,442][227,443][227,444][227,445][226,446][226,447][225,449][225,450][224,451][224,452][224,453][224,454][223,454][223,455][223,456][223,457][223,458][223,459][223,460][223,462][223,463][223,464][223,465][223,466][223,469][223,470][222,470][221,470][220,470][219,470][218,470][216,470][214,470][212,469][210,469][209,469][207,469][205,469][203,469][200,469][197,469][195,469][192,469][189,469][185,469][183,469][180,469][178,469][176,469][174,469][172,469][171,469][170,469][169,469][168,469][168,468][168,464][168,462][168,461][168,460][168,459][168,458][168,457][168,455][168,454][168,453][168,451][168,451][168,448][168,446][168,443][168,442][168,440][168,439][168,438][168,435][168,431][168,427][168,423][167,420][167,417][167,415][167,412][167,411][167,409][166,408][166,407][166,406][166,402][166,398][165,395][164,391][164,387][163,384][162,381][162,379][161,376][160,375][160,374][160,372][160,368][159,364][159,361][157,358][157,354][156,352][155,349][155,347][154,344][153,343][153,341][153,338][153,335][152,332][151,329][150,327][149,324][148,322][147,319][147,317][146,315][145,314][145,312][144,311][143,311][142,311][141,310][139,309][138,308][136,308][135,307][134,306][133,306][132,305][131,305][130,304][129,304][128,303][127,303][126,303][126,302][125,302][124,301][123,301][123,301][123,300][122,299][121,298][121,297][120,297][120,296][119,296][118,296][117,296][117,296][117,295][116,295][115,295][114,295]
cr
[173,282][172,282][171,282][170,282][169,282][169,283][168,284][168,285][167,285][167,286][166,287][166,287][166,288][166,290][166,291][166,292][166,294][166,295][166,295][166,296][166,297][166,297][166,298][167,298][168,298][169,298][170,298][170,298][171,298][172,298][173,298][174,298][174,297][175,297][176,297][176,296][177,296][178,296][179,296][180,296][180,295][180,295][180,294][180,293][180,292][180,291][180,290][180,289][180,288][180,287][180,286][179,285][179,285][178,285][177,285][176,285]
pt
[2,451][338,277][441,221][474,204][498,191][527,176][564,158][585,140][609,130][621,121][640,115]
pt
[548,479][567,452][580,441][596,427][614,414][622,397][634,388][639,385]
cr
[2,249][3,249][6,250][7,251][8,251][8,251][8,252][9,252][10,252][10,253][11,253][12,253][12,253][13,253][14,253][15,253][17,253][18,253][19,253][20,253][21,253][21,253][22,253][23,253][23,252][24,252][24,251][25,251][26,250][27,250][27,249][27,248][27,247][27,246][27,245][27,244][27,243][27,242][27,241][25,239][23,237][22,236][22,235][21,235][20,235][20,234][19,233][18,232][16,230][14,229][14,227][12,227][12,227][11,227][10,227][9,227][9,227][8,227][7,227][6,227][5,227][4,227][3,227][3,227][2,227][1,227][1,227]
cr
[27,237][28,236][29,235][30,235][31,235][32,235][33,235][34,235][35,234][36,233][37,233][37,232][38,232][38,231][38,230][39,229][39,228][39,228][39,227][39,225][39,224][39,224][39,223][39,222][39,221][39,221][41,221][42,220][45,219][47,219][48,219][50,219][52,219][53,219][54,219][56,220][57,220][58,220][59,221][61,221][62,221][63,221][64,221][64,222][65,222][66,222][67,222][68,222][69,222][70,222][70,223][71,223][72,224][73,226][73,228][73,229][73,231][73,235][73,237][73,238][73,239][72,240][72,240][71,240][71,241][70,243][68,244][68,245][67,246][66,247][66,247][65,248][64,251][63,252][63,253][62,253][62,254][62,254][62,255][61,256][61,257][61,258][61,259][60,259][60,260][59,260][59,261][59,262][58,262][58,263][58,264][58,265][58,266][59,266][59,267][60,267][60,268][61,268][61,269][62,269][62,270][63,270][64,271][64,272][65,272][65,273][66,274][67,275][67,276][68,277][69,278][70,279][71,280][72,281][72,281][72,282][72,283][73,284][73,286][73,286][74,286][74,287][75,287][75,287][75,288][75,289][75,290][75,291][75,292][74,293][73,294][73,295][72,296][71,297][70,297][69,297][68,297][67,297][66,298][65,298][64,298][63,298][63,299][62,299][62,300][61,300][61,301][61,303][61,305][61,306][61,308][61,308][61,309][61,310][61,311][62,311][63,312][64,313][66,313][68,314][70,314][70,314][71,314][73,314][75,314][76,314][77,314][77,314][78,314][79,314][80,314][80,315][81,316][83,319][83,321][84,322][85,324][85,324][85,325][85,326][85,327][85,328][85,329][84,329][83,330][82,331][81,331][80,332][80,332][79,332][78,332][78,333][77,333][76,333][76,333][75,333][73,333][72,333][72,333][71,333][70,333][69,333][68,334][67,334][66,334][65,334][64,334][64,335][64,336][64,336][63,336][62,336][60,336][58,337][57,337][54,337][54,337][52,337][51,337][50,337][50,338][50,340][52,341][53,342][54,342][55,343][55,343][57,343][59,345][60,345][61,345][62,345][63,345][63,345][64,345][64,345][64,346][64,347][64,348][64,348][64,349][64,350][64,350][64,351][64,352][64,353][64,354][64,354][64,355][64,356][64,357][64,358][64,359][63,359][62,360][62,361][61,362][60,362][59,362][58,362][56,362][55,362][54,362][53,362][52,362][51,362][50,362][49,362][49,361][46,360][44,359][43,358][42,357][42,356][40,356][38,354][37,352][35,351][34,350][33,350][32,349][30,349][29,349][28,348][27,348][26,348][24,347][24,346][24,345][24,344][24,342][24,341][24,340][24,339][25,339][25,338][26,338][27,337][28,337][29,336][30,336][30,335][31,334][31,333][31,332][32,332][33,332][33,332][32,331][31,330][30,329][29,328][28,328][28,327][28,326][28,325][28,324][28,323][28,322][28,321][29,321][30,320][30,319][31,319][31,318][32,317][32,316][32,315][32,314][31,314][31,312][30,312][29,311][28,311][27,311][26,311][25,311][24,311][23,311][23,310][22,309][22,307][21,306][21,305][20,305][20,304][20,303][19,300][18,298][17,297][17,296][16,296][16,295][16,294][16,292][16,291][15,290][15,289][15,288][15,287][15,287][16,287][16,286][16,285][17,284][17,282][18,281][18,279][18,278][18,277][18,275][18,273][18,271][18,270][18,269][18,267][18,266][18,265][18,264][18,263][19,263][20,262][21,261][23,261][24,260][25,260][26,259][28,259][29,259][30,259][31,259][32,259][33,259][33,258][33,257][33,256][33,255][33,254][33,254][33,253][32,253][31,253][30,253][30,252][30,251][30,250][30,249][30,248][30,247][30,246][30,245][30,244][31,243][31,242]
cr
[16,390][16,391][16,393][16,393][16,394][17,395][18,397][18,398][20,399][21,400][21,401][22,402][23,403][24,404][24,405][25,406][26,407][27,408][28,408][28,409][29,409][29,410][30,410][30,411][31,411][31,412][32,413][33,414][34,414][34,415][35,415][36,415][36,416][37,416][38,416][39,416][39,416][40,416][40,415][41,415][42,413][42,412][43,412][43,411][43,410][43,409][43,408][44,406][44,404][45,403][45,402][46,402][46,401][46,400][46,399][47,399][47,398][47,397][47,396][48,395][49,394][49,393][50,393][50,392][51,392][52,391][54,391][55,391][57,391][58,391][60,391][61,392][62,394][63,395][64,397][64,398][64,399][64,400][64,402][64,403][63,404][62,405][61,405][61,406][60,406][58,407][56,408][55,409][54,409][54,409][53,409][53,410][52,410][50,411][49,412][49,413][49,414][49,415][49,416][49,417][49,417][49,418][49,419][49,420][50,420][51,420][52,420][53,420][53,420][54,420][55,420][55,420][56,420][57,419][58,419][60,419][60,419][61,418][62,418][62,418][63,418][64,418][65,418][66,418][66,417][67,416][69,415][70,414][71,413][72,413][73,412][74,411][75,410][76,410][77,409][78,408][78,408][78,407][78,406][78,404][78,403][78,402][78,401][78,400][78,399][78,398][78,397][76,396][75,396][75,396][74,396][73,396][72,395][71,395][70,395][70,394][70,393][70,392][70,391][70,390][70,389][71,389][73,389][74,388][75,388][76,388][77,388][77,388][79,388][79,388][80,388][81,388][82,388][83,388][84,387][85,386][85,385][86,384][87,383][88,383][89,382][90,382][91,381][92,380][92,379][93,379][93,378][94,377][95,375][96,373][97,372][97,371][98,371][98,370][98,369][98,368][98,367][98,366][98,365][98,365][97,365][97,363][96,363][95,363][93,363][92,363][91,363][90,363][89,363][87,363][86,365][86,366][85,366][84,366][83,366][83,367][82,367][82,368][81,368][81,369][80,369][79,369][79,368][78,367][77,366][77,365][76,365][76,364][75,364][74,363][73,363][72,363][72,362][71,362][70,362][69,362][69,362][67,362][67,362][66,362][65,362][64,362][63,363][62,363][62,364][61,365][61,366][60,366][59,367][58,367][57,367][57,368][56,368][54,368][53,368][52,368][50,368][49,368][49,368][48,368][47,368][46,368][45,368][44,368][43,369][42,369][40,369][39,369][38,369][37,369][36,369][35,369][32,369][31,369][30,369][29,369][29,369][29,368][28,368][27,369][27,370][26,371][26,372][26,373][25,373][25,374][25,375][25,376][24,377][24,378][24,379][23,379][23,380][23,381][22,382][22,383][21,384][21,385][20,386][19,387][19,388][18,388]
