9
pt
[355,480][637,323]
cr
[10,445][13,455][14,456][14,457][15,457][15,458][15,458][15,459][16,459][16,460][17,460][17,461][18,461][19,461][20,461][20,461][21,461][22,461][22,461][23,461][24,461][24,461][25,461][26,461][26,461][27,461][28,461][29,461][30,461][30,461][31,461][32,461][32,461][33,461][34,461][34,461][35,461][36,461][37,461][38,461][39,461][39,461][40,461][41,461][41,461][42,461][43,461][43,461][43,460][43,459][43,458][43,457][42,457][42,456][41,456][40,456][40,455][40,455][40,454][40,453][40,452][40,451][40,450][40,450][40,449][40,448][40,447][39,447][39,446][38,446][38,445][37,445][36,445][36,444][36,444][36,444][35,444][34,443][33,443][33,442][32,442][31,442][31,442][31,440][30,440][29,440][28,440][27,440][26,440][26,440][25,440][24,440][23,440][23,440][22,440][21,440][20,440][20,440][19,440][18,440][18,440][17,440][16,440][15,440][15,440][14,440][13,440][12,440][12,440][11,440][11,442]
cr
[44,451][45,451][45,449][46,449][47,449][47,448][48,448][49,447][50,447][51,447][51,446][52,446][52,445][53,445][53,444][54,444][54,443][55,442][56,441][56,440][57,440][57,439][58,439][58,438][59,437][59,436][60,436][61,435][61,434][63,434][63,434][64,434][65,433][66,433][67,433][67,432][68,432][68,432][69,432][70,432][71,432][71,432][72,432][73,432][74,432][74,432][75,432][76,432][76,432][77,432][78,432][78,432][79,432][80,432][81,432][82,432][83,432][83,432][84,432][85,432][86,432][87,432][87,433][88,433][89,433][90,433][90,434][91,434][92,435][93,435][93,436][93,437][94,437][94,438][94,438][94,439][95,439][95,440][95,441][95,442][95,442][94,442][94,443][93,443][92,443][91,443][91,444][90,444][90,444][89,444][89,445][89,446][89,447][88,447][88,448][88,449][88,449][88,450][88,451][88,452][88,453][88,453][88,454][88,455][88,455][88,456][87,456][87,457][87,458][86,458][86,459][85,460][85,461][84,462][84,463][84,464][83,465][83,466][82,467][82,468][82,469][81,470][81,471][81,472][81,472][80,472][80,473][80,474][80,475][80,476][80,476][80,477][80,478][80,479][80,480][79,480][78,480][77,480][76,480][75,480][74,480][74,480][73,480][72,480][72,480][71,480][70,480][70,480][69,480][68,480][68,480][67,480][66,480][65,480][64,480][39,479][39,478][39,477][40,477][40,476][41,476][41,475][42,475][42,474][43,474][43,474][44,473][45,473][45,472][45,471][45,470][45,470][45,469][45,468][45,467][45,466][45,466][45,465][45,464][45,464][45,463][45,462][45,462][45,461][45,460][45,459][45,458][45,458][45,457][45,456][45,456][45,455][45,454][45,453][45,453]
cr
[40,439][40,438][40,437][40,437][40,436][40,435][40,434][40,433][40,432][40,432][40,431][40,430][40,429][41,428][41,427][41,426][41,425][42,423][42,422][42,421][42,420][42,418][42,417][43,416][43,415][43,414][43,413][43,412][43,411][43,410][43,409][43,408][43,407][43,407][43,406][44,405][44,404][44,403][44,402][44,401][45,400][45,398][45,397][46,396][46,393][47,392][47,391][47,390][48,389][48,388][48,387][49,386][49,385][50,384][50,383][50,382][51,381][51,380][52,379][52,378][53,377][54,376][54,375][55,375][55,374][56,373][56,372][57,371][57,370][58,368][59,367][60,366][61,364][61,362][62,361][63,360][63,358][64,357][64,356][65,354][65,353][66,351][66,350][66,349][66,348][66,347][66,346][67,343][67,342][67,341][67,340][67,340][67,339][67,338][67,336][67,335][67,334][67,333][67,332][67,331][67,330][67,329][66,329][66,327][65,326][65,325][65,324][64,322][63,321][63,320][61,319][60,318][59,317][59,316][58,316][57,316][55,315][54,315][52,315][51,314][50,314][49,314][47,314][46,314][45,314][43,314][42,314][41,314][40,314][39,314][38,315][37,315][35,316][34,316][33,316][31,316][30,317][28,317][27,317][25,317][23,317][22,317][21,317][20,317][19,317][18,317][17,317][16,318][15,319][14,319][13,320][13,321][11,321][11,322][11,323][11,324][11,325][11,327][11,328][10,328][10,330][10,331][9,331][9,332][9,333][9,334][9,335][9,336][8,337][7,338][7,339][6,340][6,341][5,343][5,344][5,345][4,346][4,348][4,350][3,352][3,353][3,355][3,357][2,359][2,363][1,365][1,366][1,367][1,368][1,369][0,370][0,372][0,373][0,374][0,375][2,417][2,418][2,419][3,419][3,420][3,421][3,422][4,422][4,423][4,423][5,423][5,424][6,424][7,424][7,425][8,425][8,426][9,426][9,427][9,428][9,429][9,429][10,429][11,429][12,429][12,429][13,429][14,429][14,429][15,429][16,429][17,429][18,429][18,429][19,429][20,429][20,429][21,429][22,429][22,429][22,430][23,430][24,430][25,430][25,431][26,431][27,431][28,432][29,432][29,432][29,433][30,433][31,433][31,434][32,434][32,435][33,435][33,436][34,436][34,437][35,437][35,438][36,438][36,439][37,439][38,440]
cr
[131,472][132,472][133,472][134,472][135,472][136,472][137,472][137,472][138,472][139,472][140,472][141,472][141,472][142,472][143,472][143,472][144,472][145,472][146,472][146,472][147,472][148,472][149,472][149,472][150,472][151,472][151,472][152,472][152,473][153,473][154,473][154,473][155,473][155,473][156,473][157,473][158,473][158,473][159,473][160,473][160,473][161,473][162,473][162,473][163,473][164,473][165,473][165,473][166,473][167,473][167,472][168,472][169,472][169,472][169,471][170,470][171,470][172,468][173,467][175,467][175,466][176,466][178,464][179,464][180,463][181,462][183,461][184,461][184,460][185,459][187,458][188,457][189,456][190,455][193,454][194,453][195,452][196,451][197,450][198,449][199,448][200,447][201,447][202,446][203,444][204,443][205,442][206,442][207,441][208,440][209,440][209,439][210,438][211,437][212,436][213,435][214,434][215,434][216,433][217,432][218,432][219,431][220,430][221,429][223,427][224,426][225,426][227,425][228,424][230,423][231,423][233,422][234,422][235,421][236,421][237,421][237,419][238,419][239,419][239,419][240,419][241,419][242,419][242,419][242,421][243,421][244,421][245,422][247,422][248,423][249,423][250,424][251,425][252,425][253,426][254,426][255,427][257,427][257,429][258,430][259,431][259,432][260,433][261,435][261,436][261,437][261,438][262,439][262,440][262,441][262,442][262,442][262,443][262,444][262,444][262,445][263,445][263,446][264,446][264,447][265,448][266,448][266,449][267,449][268,449][269,449][269,450][270,450][271,450][273,450][274,450][275,450][276,450][277,450][279,450][280,450][282,450][284,450][286,450][287,450][289,450][291,450][293,450][294,450][296,450][298,450][300,450][302,449][303,449][304,449][306,449][307,448][308,448][309,448][310,447][312,447][313,446][316,446][317,445][318,444][319,444][320,443][321,443][322,442][323,442][325,441][325,440][326,440][327,439][329,439][330,439][330,439][331,439][333,439][334,438][335,438][337,438][338,438][339,436][340,436][341,436][343,436][344,436][346,436][346,436][347,436][349,436][350,436][351,436][352,436][352,436][353,436][354,436][355,436][355,436][356,436][357,436][358,436][359,436][359,436][360,436][361,436][362,436][363,436][364,436][366,436][367,436][369,436][371,436][372,436][374,436][375,436][376,436][377,437][378,437][379,437][380,437][381,437][382,437][382,437][383,437][383,438][384,438][385,438][386,439][387,439][387,440][388,440][389,441][390,441][390,442][390,442][391,442][391,443][392,443][393,443][394,443][395,443][396,443][397,443][398,443][399,443][399,443][400,443][401,443][402,443][403,443][403,443][403,444][405,444][405,444][405,445][406,445][406,445][407,446][407,447][407,448][407,449][406,449][405,449][404,450][403,450][403,450][403,451][401,451][400,451][399,452][398,452][397,452][396,452][396,453][395,453][394,453][394,454][393,454][392,454][391,455][390,455][390,456][389,456][389,457][388,457][388,458][388,458][388,459][387,460][386,460][386,461][385,461][385,462][384,462][383,462][383,463][382,463][381,463][381,464][380,465][380,465][379,465][379,466][378,466][377,467][376,467][376,468][375,468][374,468][373,469][373,469][372,470][371,470][370,470][370,471][369,471][369,471][369,472][368,472][367,472][366,472][365,472][364,472][364,473][363,473][362,473][361,473][360,473][360,473][360,472][360,471][360,470][359,470][359,469][358,468][358,467][357,467][357,466][356,466][355,466][353,465][353,464][351,464][350,464][349,463][348,463][347,463][344,463][343,463][341,462][340,462][338,462][337,462][336,462][334,462][333,462][331,462][328,462][327,461][325,461][325,461][324,461][323,461][322,461][321,461][320,461][319,461][318,461][317,461][316,461][315,462][315,462][314,463][313,463][313,464][311,464][311,464][310,464][309,466][308,467][307,467][306,468][305,469][304,469][303,470][302,470][301,470][300,471][299,471][298,471][297,471][296,471][295,471][294,471][293,471][292,471][291,471][290,471][288,471][287,471][286,470][284,470][283,470][281,470][280,470][279,470][277,470][276,470][275,470][275,471][274,472][273,474][272,474][272,475][271,476][270,476][269,476][268,477][267,477][266,477][265,478][265,478][264,479][263,479][262,479][262,479][261,480][260,480][132,479][132,479][132,478][132,477][132,477][132,476]
cr
[351,199][352,199][353,199][354,200][355,202][356,202][357,203][359,205][360,205][362,206][363,206][364,207][364,207][365,208][366,208][367,209][368,209][369,209][369,210][370,210][370,210][371,210][372,210][372,209][373,209][373,208][374,208][375,207][375,206][376,206][377,205][378,205][378,204][379,203][380,203][382,202][383,201][384,200][384,199][385,199][386,198][386,197][386,196][387,195][387,194][387,193][388,193][388,192][388,191][388,190][390,189][390,188][390,188][390,186][390,185][390,184][391,183][391,182][391,181][391,180][391,179][391,178][391,177][391,176][392,175][392,173][392,172][392,170][393,169][393,168][393,167][393,166][393,165][394,164][394,163][394,162][395,161][395,159][395,158][395,156][395,155][395,155][395,153][395,152][395,152][395,151][395,150][395,149][395,148][395,147][395,145][395,144][395,143][395,142][395,141][395,140][395,139][394,138][394,137][393,137][393,136][392,135][392,134][391,134][390,134][390,134][389,134][388,134][387,134][387,133][386,133][386,132][385,132][384,132][384,131][383,131][383,131][382,131][381,131][380,131][379,131][379,132][379,133][378,133][378,134][377,134][377,135][376,135][376,136][375,136][375,137][374,137][374,138][373,138][373,139][372,139][372,140][371,140][370,141][369,141][369,142][368,142][368,143][367,143][367,144][366,145][365,146][365,146][364,146][364,147][364,148][364,149][364,150][364,151][364,151][364,152][364,153][364,154][364,155][364,156][364,157][364,158][364,159][364,160][364,161][364,162][364,163][363,164][363,165][363,165][362,166][362,167][362,168][362,169][362,171][362,172][362,173][362,174][362,175][362,176][362,177][362,178][362,179][362,180][362,181][362,182][362,183][362,184][362,184][361,185][361,186][360,186][360,187][359,187][358,187][358,188][357,188][356,188][356,189][355,189][355,190][354,190][353,190][353,191][352,191][352,192][352,193]
cr
[308,52][308,51][307,51][307,49][306,48][306,47][306,46][305,45][305,44][304,43][304,42][303,41][303,40][303,39][303,37][302,37][302,37][302,36][302,35][302,34][302,34][302,33][302,32][303,32][303,31][303,30][304,29][304,28][305,27][306,26][307,24][308,22][308,21][309,20][310,18][310,17][311,17][311,16][311,15][311,15][311,14][311,13][311,13][311,12][311,11][311,10][311,9][311,8][311,7][311,6][311,6][311,6][311,5][312,5][313,5][313,4][314,4][315,4][316,4][317,4][317,3][318,3][318,3][319,3][320,3][320,3][321,3][322,3][322,3][323,3][324,3][325,3][325,3][326,3][327,2][327,2][328,2][328,1][329,1][330,1][331,1][331,1][332,1][333,1][334,2][335,3][336,4][336,4][337,4][337,6][337,7][338,7][338,8][339,9][339,9][339,10][340,10][340,11][340,12][340,13][340,13][340,14][341,14][341,15][342,15][342,16][343,16][344,16][344,17][345,17][345,18][346,18][347,19][347,20][347,20][347,21][347,22][347,23][347,24][347,25][347,26][347,27][347,28][347,29][346,30][346,31][345,31][344,32][343,33][342,34][341,36][340,37][339,38][338,39][338,40][338,40][338,41][338,42][338,42][338,43][338,44][338,45][338,46][338,47][338,48][338,49][338,50][338,51][338,52][338,52][338,53][338,54][338,54][338,55][338,56][338,56][338,57][338,58][338,59][337,59][336,59][335,59][335,59][334,59][332,59][331,59][330,59][328,59][327,58][325,57][324,56][322,55][321,54][320,54][319,53][318,52][318,51][317,51][317,50][316,50][315,49][314,49][313,49][312,49][311,49][311,50][311,50][310,50][310,51]
cr
[341,102][342,102][343,102][343,101][344,100][345,99][345,98][346,97][347,96][348,95][348,94][349,93][349,92][350,90][350,89][350,88][351,87][351,86][351,85][351,85][352,85][352,84][352,83][353,83][353,82][353,81][353,81][353,80][353,79][354,79][354,78][355,78][356,77][356,76][357,75][358,75][358,74][359,74][359,73][360,73][360,72][361,72][361,71][362,71][362,71][363,72][363,73][363,73][363,74][364,74][364,75][364,76][364,77][365,77][366,77][367,77][367,77][368,77][369,76][371,75][372,75][373,74][374,73][375,73][375,72][376,72][377,72][378,71][379,71][380,71][381,70][381,70][382,70][383,70][383,70][384,70][385,70][386,70][386,70][387,70][388,70][389,70][389,70][390,70][391,70][391,70][392,70][392,71][393,71][393,72][394,72][394,74][395,75][396,75][396,76][397,76][398,77][398,78][399,78][400,78][401,79][401,80][401,81][401,82][401,82][401,83][401,84][400,84][399,84][398,84][397,85][396,85][394,85][393,86][392,86][391,87][390,87][389,88][389,89][389,90][388,90][388,91][388,91][389,92][389,92][390,94][392,95][393,95][394,96][396,96][397,97][398,97][398,97][399,97][399,98][399,99][399,100][398,100][397,100][397,101][396,101][395,101][394,102][393,102][392,102][391,102][391,103][390,103][390,103][390,104][388,104][388,104][388,105][387,105][386,105][385,105][384,105][383,104][383,103][382,102][381,101][380,100][379,99][378,98][377,98][376,97][376,96][375,96][374,96][373,96][372,96][372,96][371,96][371,97][370,97][369,98][369,99][367,100][366,101][365,102][364,102][363,103][362,104][361,105][360,105][359,105][359,106][358,106][358,106][357,106][356,106][355,106][355,106][354,106][353,106][353,105][351,105][350,104][349,103][348,103][347,103][346,102][346,102][345,102][343,102][343,102][342,102][341,102][340,102]
cr
[215,87][215,86][215,85][215,82][215,79][216,77][217,75][217,73][218,71][220,68][220,66][221,65][222,63][222,62][222,60][222,58][222,56][223,54][223,52][223,49][223,47][224,45][224,43][224,42][224,40][224,38][224,36][225,35][225,33][225,32][225,30][225,28][225,27][225,26][225,25][225,24][224,24][223,24][222,24][221,24][221,24][220,24][219,24][218,24][217,24][216,24][215,24][214,24][213,24][213,24][212,24][211,24][210,24][210,25][209,26][208,26][207,27][206,28][205,29][204,30][203,31][202,32][201,33][200,34][199,35][198,36][197,37][195,38][194,39][193,40][193,41][192,41][191,43][190,43][190,44][189,45][189,45][188,45][188,46][187,46][187,47][186,47][185,47][185,47][184,47][184,48][183,48][182,48][181,48][180,48][179,49][178,49][177,51][176,51][175,51][175,51][174,51][171,51][168,51][163,52][161,52][158,52][156,53][154,53][152,53][150,53][149,54][147,54][146,54][144,54][142,54][141,54][139,54][138,54][137,54][135,54][134,54][133,54][131,54][129,54][128,53][126,52][125,52][124,51][123,49][122,49][121,49][120,48][119,47][118,46][116,45][114,43][113,42][112,41][112,40][111,39][110,39][109,39][107,39][106,39][106,39][105,39][104,39][104,40][103,40][103,41][102,41][102,42][102,42][102,43][101,43][100,43][99,42][98,42][97,41][97,40][96,40][96,39][95,39][92,39][88,38][85,36][81,34][77,32][74,31][72,30][69,29][67,28][65,25][63,24][61,24][60,23][59,23][58,22][57,22][57,21][56,20][55,19][55,18][54,17][53,17][52,16][51,16][50,15][49,15][49,15][49,14][48,14][48,13][47,13][46,13][46,12][45,12][45,11][44,11][44,10][43,10][42,10][42,9][41,9][40,8][39,7][38,7][38,6][37,6][37,5][35,5][34,4][34,4][33,4][33,3][33,2][32,2][32,2][31,2][30,2][29,2][29,2][28,2][26,2][25,2][24,2][23,2][22,2][21,2][20,2][19,2][18,2][17,2][16,2][16,2][15,2][14,2][14,2][13,2][12,2][12,2][11,2][10,2][9,2][8,2][8,2][7,2][6,2][6,2][5,2][4,2][3,2][3,3][3,4][3,5][3,5][3,6][3,7][3,7][3,8][3,10][2,12][2,13][2,15][1,17][1,20][1,22][1,25][1,27][3,107][4,106][4,104][5,102][6,100][6,98][7,97][7,96][7,95][8,93][9,92][9,91][10,90][11,89][12,88][13,87][13,86][14,85][15,84][15,82][16,82][16,81][17,81][17,80][18,80][18,79][19,79][19,78][19,77][19,77][21,77][21,76][22,75][22,74][22,73][23,72][23,71][24,70][24,69][25,68][26,67][27,65][29,64][30,63][32,61][34,59][37,58][39,56][40,55][42,54][43,53][44,52][45,52][46,51][48,50][50,50][51,49][53,49][54,49][55,48][57,48][59,47][61,47][63,47][65,47][67,47][70,47][71,47][73,47][75,47][77,47][79,47][81,48][83,49][85,49][88,51][90,53][92,54][96,56][98,57][100,59][102,61][104,62][105,63][105,64][106,64][107,64][109,66][110,67][113,68][114,69][115,71][116,72][116,73][117,74][118,75][118,76][121,77][121,78][122,78][122,79][122,80][123,81][124,82][125,83][126,83][126,84][127,84][128,85][128,85][129,85][130,85][130,86][131,86][131,87][132,87][133,88][134,88][134,89][134,90][135,90][135,91][136,91][136,92][136,92][136,93][136,94][136,95][137,95][138,95][139,95][139,95][140,95][141,95][142,95][142,96][142,96][142,97][143,97][143,98][144,98][144,99][145,99][145,100][146,100][146,101][147,101][148,101][148,101][149,101][150,101][150,101][151,101][152,101][152,100][153,99][154,99][154,98][155,96][155,96][156,96][156,95][156,94][157,94][157,93][158,93][158,92][159,92][159,91][159,90][159,90][159,89][159,88][159,87][158,87][158,86][157,86][157,85][156,84][156,83][155,82][154,81][154,80][153,80][153,79][152,78][151,78][151,78][151,77][150,75][149,74][149,73][148,73][147,72][146,72][146,71][146,70][146,70][146,69][146,69][145,69][144,69][143,69][144,69][145,69][146,69][147,69][148,69][149,69][152,70][154,70][155,70][157,71][158,71][159,71][160,71][163,71][164,71][165,71][166,71][167,71][168,71][170,71][171,71][172,71][173,71][175,71][177,71][178,71][179,71][180,71][181,72][182,72][182,72][182,73][183,73][184,73][184,74][185,74][186,74][186,76][187,76][187,77][188,77][188,78][189,78][190,79][191,79][192,80][193,80][193,81][194,81][195,81][196,81][196,81][197,81][198,81][198,81][198,82][199,82][199,83][200,83][200,84][200,85][201,85][201,85][202,85][203,85][204,85][204,85][205,85][207,85][208,85][209,85][210,85][211,86][212,86][212,87][213,87][213,88][214,88]
