5
pt
[442,5][443,6][443,7][443,8][444,9][445,10][446,11][447,13][448,13][449,15][450,16][451,16][451,17][453,17][453,18][455,19][456,20][457,21][458,23][460,23][461,24][462,24][462,26][463,26][463,27][464,27][465,27][466,27][467,27][468,27][469,27][470,27][471,27][471,27][472,27][473,27][474,27][475,27][476,27][477,27][478,28][480,28][481,29][481,30][482,31][484,33][485,33][485,34][487,35][487,37][492,40][493,41][496,43][497,43][497,44][498,44][498,45][499,46][500,46][501,47][503,47][503,48][504,48][505,49][506,49][508,51][511,52][513,54][516,55][520,57][521,58][522,58][522,58][524,58][524,59][525,60][527,60][528,62][528,63][529,64][529,65][529,65][530,67][531,68][532,70][533,70][533,70][534,70][534,71][535,71][536,71][537,72][538,72][538,73][539,73][540,73][541,72][542,71][543,70][544,69][552,58][553,57][553,57][553,56][552,56][552,55][550,55][550,56][550,57][553,60][555,62][556,62][561,65][562,66][563,66][565,67][568,69][572,69][573,71][574,71][574,72][575,73][575,74][576,75][576,76][577,77][577,79][577,80][578,82][578,82][578,84][579,85][580,88][582,90][585,93][586,94][586,95][588,97][591,99][597,103][603,108][606,109][607,109][608,110][609,111][610,111][613,112][614,114][616,115][618,115][619,115][620,116][620,116][620,117][622,118][623,119][623,119][623,119][624,119][625,119][627,121][628,122][633,122][634,122][636,122][637,123][638,123][638,125][639,125][639,126]
cr
[442,53][441,53][438,53][435,53][434,53][430,53][429,53][427,53][426,53][425,53][425,53][423,54][423,55][424,56][426,56][429,56][432,56][434,57][437,57][438,57][440,59][440,59][441,59][443,59][443,59][445,59][445,60][446,60][447,60][447,61][448,61][448,63][450,63][450,63][451,64][453,66][454,66][456,66][457,67][457,69][459,69][462,71][464,72][467,73][470,74][471,74][471,75][472,75][472,76][473,76][473,77][473,78][474,78][474,79][474,79][476,79][476,80][476,81][477,81][477,82][478,82][478,83][480,85][481,85][484,86][485,86][486,87][488,87][489,88][490,88][491,88][491,89][492,89][493,89][494,89][495,89][495,88][496,87][496,86][496,85][496,84][496,82][495,82][494,81][493,79][492,78][491,78][490,77][489,77][487,77][487,76][486,76][485,76][484,76][483,75][482,75][481,75][480,74][479,74][477,73][477,73][475,72][474,72][474,71][473,71][472,70][471,70][471,69][470,69][470,67][469,67][467,66][466,66][466,65][465,65][464,64][464,63][463,63][462,63][462,62][460,62][460,61][459,61][458,60][457,60][456,60][454,60][453,60][452,58][451,58][449,57][449,57][447,57][446,56][445,56][444,55][443,55][442,55][441,55][440,55][439,54][438,54][437,54]
pt
[207,4][208,4][210,5][212,6][213,6][214,6][214,7][215,7][216,7][217,8][218,8][219,9][220,10][221,10][221,12][222,12][223,13][223,13][225,14][225,14][227,14][228,15][229,15][230,15][231,15][232,16][234,16][235,17][238,17][239,17][240,17][241,18][242,18][242,20][243,20][244,20][244,20][245,20][247,20][249,20][250,20][250,18][251,18][251,17][252,17][252,16][253,16][254,15][254,14][255,14][256,13][257,13][258,12][259,11][260,11][261,11][261,9][262,8][262,7][261,6][259,6][257,6][256,5][255,5][254,5][253,5][252,5][251,5][251,4]
pt
[195,27][194,27][193,27][192,27][191,27][191,27][189,27][188,27][187,27][186,28][185,28][185,28][185,28][185,29][185,30][185,31][185,32][185,33][186,33][186,33][188,34][190,34][192,34][193,35][194,35][195,35][195,34][195,33][196,33][196,33][196,31][196,30][196,29][196,28][196,27]
pt
[370,4][373,5][376,6][379,8][380,9][383,10][386,11][386,12][388,14][389,14][391,16][392,17][395,19][396,19][397,20][398,20][399,20][399,20][400,20][402,22][403,22][404,23][405,23][406,23][408,23][408,24][410,24][411,24][412,24][412,24][413,24][414,23][414,22][414,21][414,20][414,19][413,19][408,18][407,17][406,16][405,16][403,16][402,16][402,16][400,15][400,15][398,15][398,14][397,14][396,13][396,12][395,11][394,10][394,9][394,8][392,8][392,7][392,6][391,6][391,5][390,5][390,4][389,4][388,4][387,4][386,4][386,2]
