9
cr
[300,3][300,4][300,5][300,6][319,38][326,51][327,51][327,53][328,53][329,53][329,54][330,54][330,54][331,54][332,54][332,55][332,55][333,55][335,56][335,57][336,57][337,57][338,57][338,58][339,58][340,58][340,59][341,59][341,60][342,61][343,62][344,63][344,63][345,66][346,66][347,67][347,68][348,68][349,69][349,69][350,71][351,72][352,72][352,73][353,73][353,74][354,74][354,75][355,75][355,76][356,76][356,77][356,78][356,79][356,79][356,80][356,81][356,82][356,82][357,82][357,83][357,84][358,84][358,85][359,86][359,87][360,87][360,88][361,88][361,89][362,89][362,90][363,91][363,92][364,92][364,93][365,94][365,95][366,96][367,96][367,97][367,98][368,98][368,99][368,99][369,99][369,100][369,101][369,102][369,102][369,103][369,104][369,105][369,105][369,106][369,107][369,107][370,108][370,109][370,110][371,113][371,115][372,116][372,117][373,118][373,119][373,120][374,121][374,122][374,123][374,123][374,124][374,125][382,125][383,125][385,125][386,125][387,125][387,124][388,124][389,124][390,124][390,124][391,124][392,124][393,124][394,124][396,124][397,124][398,124][398,124][399,124][401,124][402,124][404,124][405,124][406,124][407,124][407,124][407,123][408,123][411,123][411,123][411,122][412,122][413,122][413,121][415,121][416,121][417,120][418,120][421,119][421,118][422,118][423,118][423,117][424,117][425,117][425,116][426,116][426,115][427,115][428,115][429,115][429,114][430,114][430,113][431,113][432,113][433,112][434,112][435,111][436,111][437,111][438,111][439,110][440,110][440,110][441,110][442,110][442,109][443,109][443,108][444,108][445,107][445,106][446,106][447,105][449,103][450,103][450,102][451,102][451,101][451,100][452,99][452,97][452,97][452,96][452,95][451,93][449,90][448,88][447,86][447,85][446,85][446,84][445,83][443,80][441,78][440,76][439,75][439,74][439,73][438,73][437,72][436,70][435,68][434,66][434,65][433,65][433,65][432,65][431,65][431,65][431,64][430,61][428,59][427,57][427,57][427,56][426,55][425,52][425,51][424,50][424,49][423,49][423,49][423,48][422,47][420,47][420,46][420,45][420,44][419,43][419,41][419,40][419,39][419,38][419,38][419,37][419,36][418,34][418,33][418,32][417,32][416,32][416,31][415,30][414,30][414,29][413,29][412,29][412,28][411,28][410,28][410,27][409,27][408,26][407,26][407,25][406,25][406,24][405,24][405,23][404,22][404,21][403,21][403,20][403,19][402,18][402,17][402,16][401,16][401,15][401,14][400,13][400,12][400,11][399,11][399,10][399,9][398,9][398,8][398,6][397,6][397,5][396,5][396,4][396,3][396,2][396,1]
cr
[381,145][381,146][381,146][381,147][382,147][382,148][383,148][383,149][384,149][384,150][385,150][385,151][387,151][387,152][388,152][389,152][389,153][390,153][390,153][391,153][392,153][392,153][393,153][394,153][394,152][395,151][396,150][397,150][397,149][398,149][398,148][400,148][401,147][401,148][401,149][401,151][401,152][401,153][401,154][401,155][401,156][401,157][401,157][401,157][401,158][402,158][403,158][404,158][405,158][405,159][406,159][406,160][407,160][407,161][407,162][407,163][407,164][407,164][407,166][407,167][407,167][407,168][407,169][406,170][405,171][405,171][404,172][404,173][403,174][403,175][403,175][402,175][401,175][401,176][400,176][400,176][400,175][400,174][400,171][400,170][400,169][400,169][399,169][399,168][398,168][397,168][397,168][396,168][395,168][395,168][395,169][394,169][394,170][393,170][393,171][392,171][392,172][391,172][390,173][389,173][389,174][388,174][386,174][386,175][385,175][384,176][384,176][384,175][383,175][383,174][382,173][382,172][382,171][382,170][382,169][382,168][382,168][382,167][382,166][382,164][382,163][382,161][382,159][382,157][382,156][382,154][382,153][382,152][382,151][382,150][382,149][382,149][382,148][382,147][382,146]
cr
[441,164][442,164][442,163][443,163][445,163][445,162][446,162][447,162][447,161][447,161][447,160][448,160][449,160][449,159][450,159][450,158][451,158][451,158][452,158][453,158][453,157][454,157][455,157][455,156][456,156][457,156][457,156][458,156][459,156][459,157][460,157][460,158][461,158][461,159][462,159][462,160][462,160][462,161][463,161][463,162][463,163][463,164][463,165][463,166][464,166][464,167][464,168][464,168][464,169][465,170][465,171][465,172][466,172][466,173][466,174][467,174][467,175][467,176][467,177][468,177][468,178][468,179][468,179][468,180][468,181][468,182][469,182][469,183][469,184][469,185][469,185][469,186][469,187][469,188][469,188][469,189][469,190][469,191][469,191][469,192][469,193][469,194][469,195][469,196][469,197][469,198][468,198][468,199][467,200][467,201][466,201][466,202][465,202][465,203][464,204][463,204][463,205][463,206][462,206][462,207][461,207][460,208][459,208][458,208][458,209][457,209][456,209][456,208][456,208][455,208][454,208][453,208][452,208][451,208][450,208][450,208][449,208][448,208][447,208][447,209][447,209][447,208][447,207][447,206][447,205][448,205][448,204][449,204][449,204][450,203][451,202][451,201][452,201][452,200][453,199][453,198][453,198][453,197][453,196][454,195][454,194][454,193][455,192][455,191][455,190][455,189][455,188][455,187][455,187][455,186][455,185][455,184][455,184][455,183][455,182][455,181][454,180][454,179][453,179][453,178][452,178][452,177][451,177][451,177][450,177][449,177][449,176][448,176][448,175][447,175][447,174][447,173][446,173][446,172][445,171][444,171][444,170][443,170][443,169][442,169][442,168][442,168][442,167][441,167][441,166]
pt
[410,186][410,185][410,184][410,183][410,181][410,180][410,180][410,179][410,178][410,176][410,175][410,174][410,173][411,173][411,174][411,175][411,176][411,177][411,178][409,178][409,178][408,178][407,178][406,178][406,178][406,179][405,179][405,180][405,181][404,181][404,181][405,181][405,181][406,181][407,181][407,181][408,181][409,181][409,183][409,183][409,184]
pt
[420,162][420,161][422,161][422,160][423,160][423,159][424,159][424,158][425,157][426,157][427,156][429,155][429,154][430,154][431,154][431,153][432,153][433,153][434,153][434,154][434,155][434,156][434,157][434,157][434,158][434,159][434,159][434,160][433,160][432,161][431,161][429,162][427,163][425,163][424,164][424,164][423,164][423,163][423,162][423,162]
pt
[454,141][454,140][454,139][454,139][453,139][452,139][451,139][451,140][450,140][450,140][449,141][449,142][449,143][450,143][450,143]
cr
[289,5][299,5][326,53][327,53][328,53][329,53][330,53][331,54][333,54][335,54][335,54][335,55][336,55][337,55][337,56][338,56][338,57][339,58][339,59][339,59][339,60][339,61][339,62][340,63][340,64][340,65][340,65][340,66][341,66][342,68][342,69][343,70][344,71][345,72][346,72][346,73][347,74][349,74][349,75][350,75][350,76][351,76][353,77][354,79][355,80][356,80][356,81][357,82][358,83][358,84][359,85][360,86][360,87][361,87][361,89][361,91][361,92][362,93][362,94][362,95][362,97][363,98][363,99][364,100][365,102][366,103][367,104][368,106][368,107][369,109][370,110][371,111][371,112][372,113][373,114][373,115][373,115][373,116][373,118][373,119][374,122][374,123][374,123][374,124][374,125][374,125][375,125][376,125][379,125][381,125][382,125][383,125][384,125][384,125][385,124][387,124][388,124][390,124][392,124][393,124][395,124][396,124][397,124][399,124][400,124][401,124][403,124][404,124][405,124][407,124][408,124][409,124][410,124][412,122][414,122][415,121][417,120][418,120][419,120][420,119][420,119][421,119][422,119][424,119][424,118][425,118][426,117][427,117][429,116][430,116][431,115][432,115][433,115][433,114][434,113][434,113][435,113][435,111][436,111][436,110][437,110][437,109][438,109][439,109][440,109][440,108][441,108][442,107][442,107][442,106][443,106][444,106][444,105][445,105][446,105][447,104][448,104][448,104][448,103][449,103][450,103][450,102][451,102][452,102][453,102][453,101][454,101][454,100][455,100][455,99][456,100][456,101][457,102][457,103][458,104][458,104][459,104][459,105][460,106][461,107][462,109][463,110][463,111][464,111][464,112][465,113][466,114][466,115][467,116][467,117][467,117][468,118][468,119][469,119][469,120][469,121][469,122][469,123][470,124][470,125][471,125][471,126][471,127][472,127][472,128][472,129][474,129][474,130][475,131][476,132][476,132][477,133][477,134][477,135][477,137][478,137][478,138][478,139][478,140][478,141][478,143][478,145][478,146][478,147][478,149][480,151][481,153][482,154][483,155][484,156][484,157][485,158][486,160][487,160][487,161][488,162][488,163][489,163][489,164][490,165][490,166][491,166][491,167][492,167][492,168][492,169][492,169][492,170][492,171][493,172][493,174][494,176][495,178][496,179][496,180][496,181][497,182][499,185][500,187][502,189][503,191][504,192][505,194][506,195][507,196][507,197][507,198][507,199][507,199][508,200][508,201][509,202][509,203][510,205][511,207][512,208][513,209][514,210][516,211][517,212][518,214][519,215][520,216][520,216][521,216][521,217][522,218][522,219][523,221][523,222][523,223][523,224][523,225][524,225][524,227][524,229][525,231][526,234][527,237][528,239][528,240][528,241][529,242][529,244][530,245][530,246][530,247][530,248][531,249][531,250][531,251][532,253][533,254][533,255][533,256][534,257][534,258][535,258][536,259][536,260][537,261][537,261][538,261][538,263][539,263][539,264][540,265][541,265][541,266][542,266][542,267][543,268][543,269][544,270][545,272][545,273][546,274][546,275][547,276][548,278][549,280][549,282][551,284][553,287][555,291][557,294][559,297][562,300][563,302][565,304][567,306][568,308][569,310][570,312][571,315][571,316][571,316][572,317][572,318][577,330][577,331][577,332][577,332][577,333][577,334][577,334][577,335][578,335][578,336][578,337][579,338][579,339][579,340][579,340][580,341][580,343][581,344][581,345][581,347][582,347][582,348][582,348][582,349][582,350][583,351][584,353][585,354][586,355][586,357][587,358][588,360][589,361][589,362][590,363][590,364][590,365][591,365][592,366][594,368][595,369][597,371][598,372][599,373][600,374][601,374][602,375][602,376][603,377][604,380][606,382][606,383][607,384][610,389][612,392][616,396][618,398][620,401][621,403][621,406][622,406][622,408][622,411][622,413][624,415][624,417][624,419][625,421][626,424][627,427][628,429][629,431][630,432][630,433][630,435][630,437][630,440][630,441][630,442][630,444][631,446][631,447][632,448][632,449][632,450][632,451][633,452][634,453][634,454][634,455][634,456][635,456][634,456][632,456][630,456][629,456][628,455][627,455][627,454][626,453][624,451][623,449][622,448][621,447][621,446][620,445][619,443][618,442][617,440][615,436][614,434][613,432][612,430][611,428][610,427][609,425][608,424][608,423][607,423][606,422][604,422][602,421][600,420][598,420][597,420][596,420][594,419][593,419][592,419][591,419][591,418][590,418][589,417][588,416][587,415][586,414][585,412][584,411][583,409][582,407][581,406][580,404][580,403][579,402][578,401][577,400][575,398][573,396][571,395][570,394][569,393][568,393][568,393][567,393][566,392][565,392][562,391][560,389][560,389][559,389][558,389][557,389][554,389][553,389][552,389][551,389][549,389][548,389][546,389][545,389][543,389][542,389][541,389][541,391][540,391][540,391][537,393][536,393][536,394][535,394][534,395][533,396][532,397][531,399][530,399][530,400][529,401][528,402][527,403][527,404][526,405][525,406][523,407][523,408][523,408][521,408][521,408][520,408][519,408][519,408][518,408][517,408][517,407][517,406][517,405][517,404][517,403][517,403][517,402][517,401][517,401][517,399][517,399][517,398][517,397][517,396][518,394][518,393][519,392][519,392][520,392][520,391][521,391][521,390][523,390][523,389][524,389][525,388][525,388][525,387][526,387][526,386][527,386][528,385][528,384][529,383][530,383][530,382][531,382][531,381][532,380][533,379][533,379][534,379][534,377][535,376][535,375][536,374][536,372][537,371][537,369][539,368][539,367][539,366][540,366][540,364][541,363][541,362][541,361][541,361][541,360][540,360][540,359][538,359][537,359][537,358][536,358][536,357][536,357][535,357][534,357][533,357][532,357][532,358][531,358][531,358][530,358][530,359][529,359][529,361][528,361][528,362][528,362][528,363][527,363][526,363][526,364][525,364][525,365][524,365][523,366][522,367][521,368][521,369][519,370][519,371][518,372][518,373][517,374][517,375][516,375][516,376][515,376][515,377][514,377][514,378][513,379][513,380][512,380][512,381][512,382][512,382][510,382][510,383][510,384][509,384][509,385][508,385][508,386][507,386][507,387][506,388][505,389][505,390][504,390][504,391][504,392][503,392][503,393][503,393][502,394][502,395][502,396][502,396][502,397][501,397][501,398][501,399][501,400][500,400][500,401][499,401][499,400][498,399][497,398][496,397][496,396][495,396][495,395][494,395][494,394][493,393][492,393][492,392][491,392][491,391][490,391][490,390][489,389][489,388][489,387][489,386][489,385][489,385][489,384][489,383][489,382][489,382][489,381][489,380][490,379][490,378][491,378][491,377][492,376][492,375][493,375][493,374][494,374][495,373][495,372][496,372][496,371][497,371][497,371][498,371][499,371][499,371][500,371][501,371][501,371][502,371][503,371][504,371][505,371][505,371][506,371][507,371][508,371][508,371][509,371][510,371][510,371][511,371][512,371][513,371][513,370][514,370][514,369][515,369][515,368][516,368][516,367][517,367][517,366][517,365][518,365][518,364][518,363][517,363][516,363][515,363][515,363][514,363][513,363][512,363][511,363][511,363][510,363][509,363][508,363][508,363][507,363][506,363][505,363][505,363][504,363][503,363][499,363][499,363][498,363][497,363][497,364][497,364][496,364][495,365][494,365][494,366][493,366][492,367][491,369][490,371][488,373][486,374][485,375][485,376][484,377][483,376][483,375][482,374][482,374][481,373][480,372][479,371][478,369][478,368][476,365][476,364][476,363][475,362][475,361][474,360][474,359][473,359][473,358][473,358][472,355][471,354][470,352][470,351][469,349][469,348][467,347][467,346][466,345][465,343][465,342][464,340][463,339][462,338][461,337][460,337][460,336][459,335][458,334][457,333][456,332][455,332][455,331][454,330][454,329][453,329][453,328][452,327][452,326][450,324][450,324][450,323][449,322][448,321][448,319][448,317][448,316][447,313][445,310][445,308][444,305][443,303][442,301][441,300][441,298][440,296][440,295][439,294][438,292][437,290][437,289][436,287][436,286][435,284][435,283][435,282][435,281][433,279][432,278][432,276][430,274][429,272][428,271][427,268][426,267][425,265][424,264][423,262][422,261][421,259][420,258][419,256][417,255][416,253][415,252][414,250][413,249][413,247][411,245][411,243][410,239][410,238][409,235][407,231][406,229][405,227][404,225][402,223][401,221][400,218][399,215][398,213][397,211][396,208][395,207][393,205][393,203][392,199][392,197][391,194][390,191][389,188][387,185][386,183][385,181][384,180][384,179][383,178][383,177][383,176][383,175][383,174][382,173][382,172][382,171][382,170][382,169][382,168][381,168][381,167][381,166][381,164][380,163][380,162][379,162][379,161][378,161][378,160][377,160][376,159][375,158][374,156][373,155][372,154][371,153][370,152][370,151][369,149][366,145][365,142][362,138][359,135][357,132][355,129][353,126][351,123][350,120][348,117][346,113][345,109][343,106][343,105][342,101][341,99][338,93][337,92][334,88][333,86][332,84][331,82][330,79][329,77][329,75][328,74][327,72][326,70][325,69][324,67][323,65][323,64][322,63][321,60][320,58][319,55][318,52][318,50][317,48][317,46][316,44][315,42][314,40][313,37][312,34][310,31][309,29][307,28][306,26][306,25][305,23][305,22][304,20][302,19][302,18][300,17][300,16][299,15][299,14][298,14][298,13][297,13][296,12][295,11][294,11][294,10][293,9][293,8][293,7][293,6][292,6][292,5][291,4][291,3][291,2][290,2][290,1]
pt
[515,405][514,405][508,405][507,400][507,395][505,392]
cr
[489,1][512,40][513,46][513,47][513,48][514,49][514,51][515,52][516,53][516,56][518,56][518,58][519,59][520,60][520,61][521,62][522,64][522,65][523,66][524,67][525,68][526,69][527,70][528,73][530,75][531,77][533,79][534,81][536,82][537,84][538,86][540,89][542,92][546,96][549,101][553,105][558,110][561,114][564,119][567,122][569,125][570,127][571,128][572,128][572,129][572,131][575,135][578,139][582,144][586,149][591,154][595,159][597,163][599,167][601,169][602,170][603,171][603,172][603,174][604,176][606,179][608,183][610,185][615,191][618,194][620,198][623,200][625,203][627,205][629,207][630,209][631,210][632,212][633,213][633,214][634,215][635,216][636,218][637,219][637,221][638,222][639,223][639,224][639,155][639,153][639,152][638,149][637,147][636,145][636,143][635,142][635,141][633,138][632,136][631,135][631,134][630,133][630,132][629,132][627,129][626,127][625,125][624,124][624,123][621,122][620,119][618,117][616,115][614,113][613,112][612,110][611,108][609,105][607,102][606,99][605,98][604,98][603,98][603,97][603,96][602,91][599,86][597,83][594,79][591,74][589,70][588,67][587,65][586,63][585,61][584,60][584,59][583,58][582,58][581,56][580,54][578,53][577,51][575,49][574,48][573,48][573,47][572,47][571,45][570,44][569,42][567,40][566,38][565,37][563,35][562,33][561,31][560,30][558,28][557,25][555,23][553,21][551,18][549,15][547,13][545,11][544,10][542,9][542,8][541,7][540,7][540,6][539,6][539,6][538,6][538,5][538,4][538,3][538,3][538,2][538,1]
