17
pt
[142,13][146,16][153,15][158,14][158,19][156,23][148,36][148,41][150,42][155,42][158,43][156,47][149,51][145,50][143,50][142,52][135,56][126,55][116,48][110,50][103,45][101,47][99,49][95,47][91,49][88,52][84,54][84,58][83,63][77,74][73,76][68,73][65,76][65,82][65,86][59,87][56,92][56,100][56,107][63,109][72,116][76,119][82,119][82,116][90,117][96,120][98,119][98,114][101,108][100,104][103,102][109,103][111,102][113,100][122,97][134,93][140,91][140,87][143,83][143,79][150,82][155,82][155,82][165,85][167,82][168,79][176,80][179,80][186,80][194,84][197,88][200,92][204,88][205,83][209,75][214,84][216,88][213,92][213,95][207,95][203,99][202,106][206,107][214,104][218,101][218,99][219,95][224,99][228,97][233,96][237,91][238,84][245,96][241,111][238,118][230,127][229,132][236,142][231,155][226,155][221,149][213,149][202,149][195,144][195,131][195,127][195,115][192,104][186,99][179,94][180,89][175,85][172,87][169,88][169,90][169,93][164,96][156,95][152,95][152,99][151,103][148,103][146,104][143,104][140,104][141,111][138,115][140,123][142,132][150,136][153,132][162,130][160,138][165,140][170,140][180,142][180,145][174,147][168,149][163,148][162,148][161,148][161,147][160,147][159,147][158,147][158,146][157,146][156,146][155,146][154,146][153,146][152,146][151,146][151,145][150,145][150,144][149,144][149,143][148,143][147,143][146,143][146,142][145,142][144,142][143,142][142,142][142,141][141,141][141,140][140,140][140,139][139,139][139,138][138,137][137,137][137,136][137,135][136,135][136,134][136,133][135,133][134,132][133,132][132,131][132,130][131,130][130,130][129,130][128,130][128,129][127,129][126,129][125,128][124,128][123,128][123,129][122,129][122,130][121,130][120,130][119,130][118,131][117,131][116,131][115,131][115,132][114,133][114,134][113,134][113,135][111,133][106,126][101,129][96,138][96,145][94,148][88,151][72,156][68,153][66,160][61,164][58,166][51,160][42,154][31,148][24,148][16,147][16,147][12,151][6,156][6,161][5,161][4,161][2,161][1,161]
pt
[85,1][86,5][88,10][89,16][87,21][85,24][82,24][79,26][76,26][72,27][73,32][73,38][67,34][65,29][67,23][62,22][60,25][58,29][61,32][64,39][62,41][56,41][53,35][50,32][44,28][42,31][42,40][45,41][46,44][43,51][37,51][37,54][33,67][33,74][35,84][30,91][25,100][19,106][17,109][14,113][10,115][10,118][8,122][4,124][3,125][1,125]
pt
[139,12][136,14][140,12][141,12][133,18][131,13][128,8][122,1]
cr
[127,390][68,407][27,388][5,363][34,385][65,399]
pt
[323,386][330,392][336,389][341,389][347,388][347,382][342,382][333,383][326,384][325,384][323,384]
pt
[363,377][364,378][375,382][379,383][379,378][382,378][383,377][388,377][384,370][381,367][377,368][376,373][373,374][370,375][367,374][365,376]
pt
[106,113][110,118][115,124][122,119][122,113][117,111][114,108][112,107][108,110][105,113]
pt
[354,102][354,102][345,95][336,100][332,97][327,96][321,94][308,90][300,85][296,83][309,74][318,77][326,78][334,78][340,82][347,86][354,88][363,88][367,90][368,97][368,104][363,104][354,101]
pt
[408,368][403,371][410,366][417,364][425,360][430,357][439,353][445,353]
pt
[490,339][519,331][534,326][541,323]
pt
[621,317][638,318]
pt
[402,204][415,204][428,217][443,231][451,233][449,239][440,241][412,223][403,218][403,213][403,205]
pt
[253,377][281,381][298,382][315,384]
pt
[199,372][179,374]
pt
[127,368][119,366][114,362][104,355]
pt
[1,74][4,72][4,76][4,78][3,81][0,81]
pt
[3,18][5,30][13,32][13,38][13,41][13,41][10,43][14,42][14,41][19,43][25,43][31,41][31,38][31,36][27,31][23,31][20,33][15,28][9,23][5,19][2,17]
