20
pt
[464,221][482,227][492,228][500,228][500,221][505,220][507,224][510,220][513,209][522,210][523,196][516,196][510,192][506,199][496,196][489,199][482,205][469,205][469,207][466,220]
pt
[421,168][421,181][426,183][426,185][430,191][436,187][436,186][436,185][432,185][432,176][430,171][422,167]
pt
[276,137][303,157][300,160][303,163][300,169][298,169][293,169][291,171][292,181][292,185][288,190][281,197][278,192][274,201][273,204][269,196][264,199][250,199][243,192][239,182][245,177][245,172][248,172][248,172][249,167][252,162][257,155][253,148][258,140][263,140][275,136][275,136][277,136]
pt
[639,232][630,235][626,240][627,243][623,241][620,239][617,238][611,235][607,238][606,240][602,240][596,239][589,232][586,225][581,227][579,231][574,231][566,222][569,215][569,210][571,204][578,201][582,203][590,211][599,214][602,211][614,211][617,215][618,220][621,222][625,217][631,211][638,220]
pt
[142,296][137,292][133,295][123,295][124,282][138,267][126,260][115,257][113,253][106,248][103,243][110,243][110,236][113,224][113,213][113,199][107,178][98,176][91,176][87,183][83,191][75,192][72,194][63,201][57,209][50,209][48,207][40,213][37,211][37,202][37,199][35,197][26,204][26,205][25,209][22,210][25,225][40,241][48,249][48,254][55,253][59,257][59,265][62,269][61,275][56,269][53,273][52,277][51,282][46,282][44,291][37,291][32,291][25,284][20,281][19,295][21,300][16,304][13,315][10,322][10,325][7,328][3,318][2,320]
pt
[140,297][131,300][127,303][122,303][109,307][93,299][84,299][79,295][76,298][66,299][51,304][46,304][59,309][59,314][60,320][53,326][45,326][44,333][42,338][34,344][37,359]
pt
[37,357][49,369][55,369][58,369][74,372][79,361][77,357][79,354][87,355][93,350][99,355][102,348][110,351][115,351][120,342][127,340][133,338][140,336][147,333][155,333][164,328][166,335][170,339][174,339][176,342][178,346][182,346][182,344][182,339][182,339][183,335][187,331][190,333][194,336][198,341][203,348]
pt
[206,349][203,347][209,351][214,348][216,340][217,338][223,343][223,352][223,361][213,361][211,364][216,365][217,371][213,380][206,378][202,383][210,390][214,395][214,399][212,409][202,408][198,401][187,403][177,402][173,395][172,381][171,368][169,361][160,352][157,351][154,345][147,338][143,346][139,347][129,349][125,355][125,356][125,356][118,361][118,375][119,380][117,383][112,382][106,380][100,380][97,380][91,380][91,388][84,387][81,390][77,393][74,397][73,401][64,402][51,406][46,409][41,416][36,419][27,413][25,408][20,402][2,397]
pt
[593,2][590,28][562,49][560,58][558,62][543,55][541,50][529,46][516,55][500,60][495,65][497,77][497,84][492,81][490,84][488,86][480,76][475,67][467,65][456,68][438,74][437,77][444,87][438,91][429,87][421,85][416,84][415,88][398,74][396,72][388,76][381,71][379,79][382,84][380,90][372,101][368,112][355,121][350,121][333,138][319,133][331,129][327,123][327,112][320,108][318,103][314,101][311,104][311,109][309,110][301,106][296,113][296,115][296,119][291,114][291,114][287,114][287,123][287,129][292,136][299,138][307,138][306,148][306,154][306,159][313,159][318,158][320,155][320,152][322,152][324,152][325,156][330,157][337,156][328,162][328,176][329,182][332,186][330,187][325,184][318,185][313,195][309,203][313,213][314,219][307,231][299,229][294,235][288,239][284,239][281,242][268,238][252,234][240,239][238,230][237,228][230,229][223,224][221,227][220,227][219,227][218,227][217,227][217,226][216,226][215,226][215,225][214,225][213,225][212,225][211,225][210,225][209,225][209,226][208,226][207,226][206,226][205,226][204,226][203,226][202,226][201,226][200,226][199,226][198,226][197,225][197,224][196,224][196,223][196,222][196,221][196,220][196,219][195,219][195,218][195,217][194,217][194,216][193,216]
pt
[193,215][183,213][179,208][175,203][172,202][169,199][171,196][178,189][179,183][182,177][188,172][195,168][186,159][179,153][179,143][179,136][185,135][190,136][194,136][201,135][208,135][211,135][218,135][228,138][233,135][236,132][249,123][259,125][264,122][264,112][261,100][250,81][243,75][238,74][238,66][245,66][254,64][265,64][272,64][274,74][276,74][279,76][281,72][284,71][286,69][288,67][290,62][291,60][294,60][298,66][302,70][305,67][305,61][306,60][314,57][325,59][331,59][339,60][346,60][359,42][369,35][370,32][370,25][379,22][379,18][386,14][392,14][398,14][401,8][402,6][399,1]
pt
[187,361][187,361][196,359][199,355][195,346][189,345][181,348][181,354][185,359][189,360]
pt
[280,114][279,121][277,123][271,122][270,113][270,108][270,102][266,99][265,93][270,90][276,94][281,94][288,95][289,101][289,108][282,111][280,114]
pt
[100,371][105,366][100,360][93,360][88,362][84,369][89,372][93,375][99,373][99,369]
pt
[335,186][343,182][345,182][346,182][346,181][347,181][348,181][349,180][349,179][350,178][351,178][351,177][351,176][351,175][352,175][353,175][354,175][355,175][356,175][356,176][357,176][357,177][358,177][358,178][359,178][359,179][360,179][360,180][361,180][362,180][363,180][363,179][364,179][364,178][365,178][366,178][366,177][367,177][367,176][368,176][369,176][370,176][371,176][372,176][373,176][374,176][374,177][375,177][376,177][377,177][378,177][379,177][380,177][380,176][381,176][382,176][382,175][383,175][384,175][384,175][394,172][403,173][411,183][419,193][426,200][426,201][426,202][426,203][426,204][426,205][426,206][426,207][426,208][425,208][425,209][432,214][436,222][436,226][435,231][435,239][444,242][446,237][455,234][462,234][473,234][482,234][493,233][498,233][508,224][513,220][520,218][527,215][539,215][543,215][551,217][557,217][561,218][564,219]
pt
[339,158][351,149][364,140][370,143][370,144][370,145][371,145][372,145][373,145][374,145][374,146][383,144][383,144][387,141][392,141][399,148][408,143][412,151][420,152][421,152][422,152][423,152][424,152][425,152][426,152][427,152][427,152][428,154][428,155][429,155][429,156][430,156][430,157][430,158][431,158][432,158][432,159][433,159][434,159][435,159][436,159][436,160][437,160][437,161][437,162][437,163][437,164][438,165][438,166][439,166][440,166][440,167][441,167][441,168][442,168][442,169][443,169][444,170][445,171][445,172][446,172][446,173][447,173][447,174][447,175][448,176][448,177][448,176][448,177][448,178][449,178][450,178][450,179][451,179][451,180][451,181][451,182][451,183][451,184][451,185][452,185][452,186][452,187][453,187][453,188][454,188][454,189][454,190][454,191][454,192][455,192][455,193][455,194][455,195][455,196][455,197][455,198][456,198][457,198][457,199][458,199][459,199][459,200][459,201][459,202][459,203][459,204][459,205][460,206][460,207][460,208][460,209][460,210][461,210][461,211][461,212][462,213][462,214][462,215][462,216][463,216][463,217][464,217]
pt
[526,195][526,195][526,194][526,193][526,192][526,191][527,191][528,191][529,191][530,191][531,191][532,191][533,191][534,191][535,191][536,191][537,191][538,191][538,192][539,192][539,193][540,193][540,194][541,194][542,194][543,194][544,194][545,194][546,194][547,194][548,194][549,194][550,194][551,194][552,194][552,195][553,195][554,196][555,196][556,196][557,196][558,196][559,196][560,196][561,196][562,197][563,197][564,197][565,197][566,197][567,197][568,197][569,197][570,198][571,198][571,199][572,199][573,199][574,199]
pt
[405,478][395,469][389,469][381,466][381,456][384,454][393,456][403,461][410,465][419,476][420,479]
pt
[243,122][240,109][241,103][237,93][232,84][231,81][231,75][234,75][235,73][237,73]
pt
[243,124][243,121]
pt
[147,409][141,399][141,392][151,393][156,393][161,394][161,399][157,402][153,402][146,404][146,405][145,405]
