10
pt
[547,50][548,52][549,52][549,53][551,56][553,58][554,60][554,61][556,63][557,64][559,66][559,67][562,70][563,71][564,71][566,73][567,74][569,76][570,77][571,77][574,80][575,81][575,82][576,83][578,85][580,86][580,87][582,89][583,90][584,91][586,92][586,93][591,96][592,96][593,97][594,98][595,98][596,99][597,100][598,101][599,101][600,102][600,103][602,104][602,105][604,105][605,106][606,106][606,107][607,107][607,108][608,108][609,110][611,110][611,111][612,111][614,111][615,112][616,113][617,114][618,115][619,115][619,116][621,117][622,118][623,118][624,119][626,120][627,121][628,121][629,123][630,123][631,123][631,124][632,124][632,125][633,125][634,126][635,127][636,128][637,129][638,130][639,131]
pt
[440,1][441,2][441,3][442,4][443,5][444,5][444,6][445,7][446,8][447,8][447,9][448,10][448,11][449,11][450,12][450,13][451,14][452,15][452,16][453,16][454,18][455,19][457,21][459,23][460,24][462,25][462,26][463,26][463,27][464,27][465,27][466,27][467,27][468,27][469,29][471,29][472,30][473,31][473,32][474,33][475,33][476,34][476,33][476,32][477,31][478,31][479,31][480,31][482,29][483,29][484,29][485,29][486,29][487,31][488,34][489,36][490,37][490,38][490,39][491,39][491,40][492,40][493,41][494,42][495,43][497,45][497,46][499,48][499,49][500,50][502,51][503,52][504,52][505,52][506,52][507,52][508,52][509,52][511,52][511,53][512,53][514,54][515,55][516,55][517,55][518,56][519,57][520,58][521,58][522,58][522,59][522,60][523,61][524,61][525,62][525,63][526,64][527,64][528,65][528,66][529,67][530,67][531,69][532,70][533,70][534,71][535,71][536,72][538,73][539,73][540,74][542,75][542,76][543,77][544,77][546,75][546,73][545,71][545,70][545,69][545,68][545,66][545,65][545,64][545,63][545,62][546,61][546,60][547,60][548,59][549,58][549,57][548,57][546,56][545,54][545,53][545,52][545,51]
pt
[545,52][545,51][545,50][545,49][545,48][546,48][547,48][548,48][549,48][550,49][550,50][550,51][550,53]
pt
[429,54][430,54][431,54][433,54][435,54][437,54][439,55][440,55][440,56][441,56][441,57][443,57][444,58][446,60][447,61][448,61][449,61][451,62][454,63][455,64][457,64][458,65][459,66][460,67][461,67][464,71][465,71][466,72][467,73][467,74][468,74][469,75][470,76][471,77][472,77][473,78][474,79][476,80][476,81][477,81][478,82][479,83][479,84][480,84][481,85][482,86][483,87][484,87][485,87][487,88][493,90][494,90][495,90][496,90][496,89][497,89][497,88][497,87][497,86][497,85][496,84][495,84][494,83][494,82][493,81][493,80][493,79][493,78][493,77][491,76][491,75][491,74][490,74][489,72][488,72][488,71][487,71][486,71][485,71][485,70][484,69][483,68][482,68][481,67][480,67][479,66][478,66][476,65][475,65][472,63][470,62][469,62][469,61][467,61][466,61][466,60][464,60][463,60][461,59][460,59][460,58][458,58][457,58][456,57][455,57][455,56][454,55][453,55][452,54][450,53][449,53][448,53][446,53][443,53][441,53][439,53][437,53][436,53][435,53][434,53][432,53][431,53][430,52][429,52]
pt
[201,0][202,0][203,0][206,1][207,1][208,1][209,1][210,2][211,2][212,2][213,3][213,4][215,5][216,5][218,6][218,7][218,8][218,9][219,9][220,11][221,11][221,12][221,13][223,14][224,14][225,15][226,15][227,16][228,17][229,17][230,19][231,19][233,20][236,20][239,20][240,20][241,20][242,20][243,20][244,20][245,22][246,22][247,22][248,22][248,23][249,23][250,23][251,23][252,23][253,23][254,23][256,23][257,22][258,21][259,20][260,19][260,18][260,17][258,17][257,16][256,16][255,16][254,15][253,14][253,13][252,12][252,11][252,10][252,9][254,8][255,8][256,8][257,8][258,8][259,8][260,8][261,8][263,8][263,7][264,7][264,5][264,4][264,3][263,3][262,3][261,3][260,3][259,3][258,3][258,2][257,2][256,1][256,0][255,0]
pt
[187,27][186,27][186,28][185,28][185,29][185,30][185,31][185,32][185,33][185,34][185,35][187,35][188,35][190,35][191,35][193,35][194,35][195,35][195,34][195,33][195,32][195,31][195,30][195,29][195,28][195,27][194,27][193,27][193,26][192,26][191,26][189,25][188,25][187,25][185,25]
cr
[398,16][400,16][408,18][409,19][409,20][410,20][410,21][411,21][413,22][414,22][415,22][416,22][416,21][416,20][416,19][416,18][416,17][415,17][415,16][414,16][411,15][410,14][409,14][406,14][375,1][375,2][377,4]
pt
[321,1][322,2][323,2][324,4][325,4][325,5][326,6][327,6][328,6][330,6][331,6][331,5][331,4][331,2][332,0]
pt
[421,2][421,1][419,2][418,2][417,2][415,3][414,4][413,5][413,6][412,7][411,7][410,7][409,8][409,9][408,10][408,11][407,11][406,11][406,10][406,9][406,8][406,7][406,6][406,5][406,4][406,3][406,2][406,1][406,0]
pt
[559,0][560,1][560,2][560,3][561,4][562,5][562,6][562,7][562,8][563,8][563,10][565,11][565,13][565,14][566,15][566,17][567,17][567,18][568,19][569,20][569,21][569,22][570,23][571,24][572,25][573,26][575,28][576,29][579,30][582,32][584,33][585,33][586,33][591,35][592,35][593,35][593,36][594,36][595,36][596,37][597,37][598,37][599,37][599,38][600,38][600,39][601,40][602,41][603,41][605,43][605,45][606,47][606,48][606,49][607,51][608,51][609,53][609,54][610,55][612,57][613,58][614,59][616,61][616,62][618,64][618,66][619,67][620,69][621,72][622,73][623,74][624,75][625,76][626,77][632,79][633,79][634,80][635,80][636,80][636,81][637,82][638,82][639,83][639,84]
