6
pt
[638,122][619,98][610,78][600,54][594,42][586,33][586,23][582,22][578,18][569,2]
pt
[450,2][458,23][466,24][471,42][478,60][486,73][492,91][502,109][518,130][533,152][541,180][553,184][563,191][577,191][588,186][598,179][607,176][614,176][622,179][628,186][633,194][634,194][638,199]
pt
[559,182][557,175][574,160][575,149][580,142][586,142][591,142][595,147][592,156][581,168][568,178][564,187][557,184]
pt
[172,415][155,396][147,373][141,359][135,349][129,344][118,311][113,299][112,282][116,285][119,297][127,305][128,318][135,326][141,334][143,341][143,356][148,365][151,369][161,391][168,401][169,409][171,414]
pt
[1,14][23,36][28,47][31,61][34,77][42,96][49,103][53,112][56,126][65,144][68,166][69,185][71,196][66,193][57,188][51,176][51,164][51,153][44,142][45,116][39,105][26,93][20,93][17,85][21,83][21,81][21,80][21,79][22,78][22,76][22,75][16,54][11,36][8,33][4,29][1,27]
pt
[111,280][94,248][94,233][83,212][74,194][89,223]
