14
pt
[81,477][81,476][81,475][81,474][81,473][80,473][80,472][79,472][78,472][77,472][77,471][76,471][75,471][75,470][75,469][75,468][75,467][75,466][75,465][75,464][75,463][75,462][75,461][75,460][75,459][74,459][74,458][74,457][74,456][74,455][74,454][74,453][74,452][74,451][74,450][74,449][74,448][75,448][76,448][77,448][78,447][79,447][80,447][81,447][82,447][83,447][84,447][85,447][86,447][87,447][88,447][89,447][90,447][91,447][92,447][93,447][94,447][95,447][96,447][97,447][98,447][99,447][100,447][101,447][102,447][102,448][103,449][104,449][105,449][105,450][106,450][107,451][108,451][108,452][109,452][109,453][110,453][110,454][111,454][111,455][111,456][112,456][112,457][113,458][113,459][114,460][114,461][115,461][115,462][115,463][116,463][116,464][116,465][117,465][117,466][118,467][118,468][118,469][118,470][118,471][119,471][119,472][119,473][119,474][119,475][119,476][119,477][119,478][119,479][82,478][83,478][84,478][85,478][86,478]
pt
[120,1][178,107][219,171][226,174][226,176][226,179][226,180][249,215][292,284][319,343][323,349][329,344][333,354][339,362][348,366][346,377][360,393][371,406][382,412][391,412][396,418][402,427][413,441][419,451][426,461][426,462][427,462][427,464][431,474][433,478]
pt
[219,476][203,455][190,446][186,432][183,419][184,410][169,396][162,390][161,390][157,368][152,357][145,342][138,343][129,333][118,323][118,310][121,307][111,289][113,283][98,276][94,260][85,247][81,249][78,246][72,221][51,183][52,172][47,159][41,149][28,126][1,68]
pt
[74,478][72,470][66,463][61,460][61,459][62,458][62,457][65,451][56,448][52,435][43,424][30,404][24,379][19,373][12,363][4,353][1,350]
pt
[127,477][103,443][89,411][81,400][74,400][67,384][66,370][59,358][49,357][44,342][36,328][32,325][22,322][12,318][12,309][15,302][8,286][1,280]
pt
[68,1][95,45][106,73][122,90][142,122][163,143][171,165][180,174][189,191][199,220][216,237][232,273][248,291][261,309][267,330][277,345][288,354][301,387][313,398][328,417][337,437][347,452][368,468][375,476]
pt
[375,477][375,478][376,479][375,476][375,477][375,478][375,479]
pt
[636,349][599,304][595,296][586,283][574,266][576,253][570,245][557,234][551,231][546,223][531,218][521,212][519,197][509,186][509,185][495,168][485,160][479,148][478,140][478,138][468,133][461,131][462,123][456,125][446,124][445,117][436,111][436,110][433,97][433,88][427,86][420,85][419,74][419,63][416,55][405,47][378,44][372,44][368,39][365,28][362,22][350,9][346,1]
pt
[559,477][523,428][510,421][503,409][498,393][485,385][469,365][463,352][456,345][451,322][432,312][425,299][419,296][419,293][417,283][409,273][405,263][411,260][419,265][427,282][436,294][455,306][467,315][469,328][480,341][488,355][498,365][505,369][503,359][498,343][487,327][478,317][466,310][461,299][460,283][444,273][433,266][429,255][423,239][411,230][398,221][389,211][382,200][385,190][379,183][376,176][372,167][362,156][354,150][331,139][328,128][318,119][312,108][299,101][299,95][303,84][302,76][295,70][281,76][282,76][270,65][261,44][256,33][263,27][257,19][248,22][243,14][235,10][233,4][231,1]
pt
[326,1][348,28][367,57][389,90][404,111][421,124][434,133][444,153][462,180][483,195][504,221][525,246][542,274][552,297][560,318][571,328][585,338][588,347][597,356][608,373][614,383][630,390]
pt
[631,391][639,407][630,389]
pt
[332,282][328,286][329,292][333,299][338,299][341,299][341,298][341,297][341,296][341,293][345,292][345,288][342,279][335,268][328,268][325,268][319,273][315,280][321,284][330,284]
pt
[249,474][236,437]
pt
[248,472][248,473][249,473][249,474][250,474][250,475][250,476][251,476][251,477][252,478][252,479][253,479][235,437][236,437][236,436][236,435][237,435][237,434][237,433][238,433][238,432][239,432][239,431][240,431][241,431][242,431][243,431][244,431][245,431][246,431][247,431][248,431][249,431][250,431][251,431][252,431][253,432][254,432][254,433][254,434][255,434][255,435][256,435][256,436][257,436][257,437][257,438][258,438][258,439][259,440][259,441][260,441][261,442][261,443][261,444][262,444][262,445][263,446][264,447][265,447][266,448][267,449][268,450][269,450][270,451][271,451][272,452][273,452][274,453][275,454][276,454][276,455][277,455][277,456][277,457][277,458][278,459][278,460][278,461][278,462][278,463][278,464][278,465][278,466][279,467][279,468][279,469][280,469][280,470][280,471][280,472][281,472][281,473][281,474][282,474][283,474][284,475][284,476][285,476][286,476][286,477][287,477][287,478][288,478][288,479][289,479][290,479]
