14
pt
[578,1][579,1][580,1][581,2][582,2][583,3][584,4][584,5][584,6][584,7][585,8][586,9][586,10][587,11][588,12][589,13][589,14][590,15][590,16][591,16][591,17][592,19][593,20][593,21][594,22][595,22][596,24][597,24][597,25][598,25][598,26][599,27][600,28][601,28][601,29][602,29][602,30][603,31][604,32][604,34][605,35][606,35][606,36][606,37][607,37][607,38][608,38][608,39][609,41][610,42][611,44][612,44][612,46][613,46][614,48][615,48][615,49][615,50][616,51][617,51][639,79]
pt
[615,0][638,34]
pt
[539,0][636,149]
pt
[490,0][638,228]
pt
[299,1][323,43][342,60][352,71][364,90][367,105][373,118][375,129][386,122][399,126][411,120][410,125][421,121][430,116][433,113][437,111][439,106][441,102][448,102][450,104][449,87][438,71][433,66][430,66][425,54][419,44][416,37][413,28][408,26][400,20][398,12][397,2]
pt
[452,96][468,119][478,138][484,162][508,201][525,232][545,270][571,321][590,357][638,445]
pt
[636,465][558,389][541,396][534,404][516,410][506,409][494,398][484,381][477,370][473,370][393,217][381,195][381,179][375,159][363,147][360,138][335,89][327,73][318,62][307,44][290,4]
pt
[290,5][285,0]
pt
[511,404][517,396][524,388][535,378][540,365][539,360][534,354][524,358][517,370][514,378][508,386][501,399][508,402][511,402]
pt
[441,163][461,155][469,173][470,186][468,194][461,203][451,206][447,204][454,194][456,187][453,178][447,171][439,164]
pt
[379,140][380,151][384,173][389,172][389,172][393,173][401,174][403,169][406,165][405,160][398,147][391,151][383,150][378,145]
pt
[395,198][400,206][403,203][402,196][396,197]
pt
[401,182][409,185][409,184][411,173][405,175][401,178][401,180][400,182]
pt
[421,160][429,155][431,154][433,161][423,162][423,158]
