28
pt
[638,187][638,186][638,185][637,184][636,183][636,182][636,181][635,180][635,179][634,179][634,178][633,177][632,176][631,176][630,174][628,174][627,173][624,172][622,171][621,170][620,169][618,167][618,165][617,165][617,164][616,164][616,162][615,161][614,160][614,159][614,158][614,157][614,156][614,155][613,154][613,153][613,152][611,148][611,146][611,145][611,144][611,143][610,143][610,142][610,141][610,140][609,140][608,139][608,138][608,137][607,135][606,134][605,133][605,132][604,131][604,130][603,129][602,128][601,127][601,126][601,125][600,125][599,124][599,123][598,122][598,121][597,121][596,119][595,118][595,117][595,116][594,116][594,115][594,114][593,113][592,112][592,111][591,111][591,110][591,109][591,108][591,107][590,107][590,106][589,105][589,104][589,103][588,102][588,101][588,100][588,99][587,98][587,97][586,96][585,94][584,94][584,93][583,92][582,91][581,89][581,88][580,87][579,86][578,85][577,84][577,83][576,82][575,80][574,79][574,78][574,77][572,75][571,73][571,72][571,70][570,70][570,69][570,68][569,67][569,66][569,65][569,64][569,63][568,61][568,60][567,58][567,57][566,56][566,55][566,54][565,53][565,52][565,51][564,50][563,50][562,49][562,48][561,48][561,47][557,45][556,45][556,44][555,44][554,44][553,43][552,42][551,41][550,41][549,41][547,39][545,39][544,37][541,35][538,34][537,32][536,32][536,31][532,25][530,22][527,16][525,12][524,10][522,8][522,7][521,6][521,5][521,4][520,3][519,2][518,0]
pt
[639,296][639,295][638,294][638,293][637,292][637,291][636,291][635,289][634,287][634,286][633,285][633,284][632,283][632,282][631,281][631,280][631,279][630,278][629,278][629,277][629,276][629,275][628,275][628,274][627,274][627,273][626,273][626,272][626,270][625,269][625,268][625,267][624,266][624,265][624,264][623,263][623,262][622,262][622,261][622,260][621,260][621,259][620,258][619,258][619,257][619,256][618,255][618,254][618,252][617,251][616,251][616,250][616,248][615,247][615,246][615,245][614,244][613,244][613,242][612,242][612,241][611,239][610,239][610,238][609,238][607,236][607,234][606,233][605,233][605,231][605,230][605,228][605,227][605,225][605,224][605,222][605,221][605,219][604,218][603,217][603,216][603,215][603,214][602,212][601,211][600,210][600,209][599,207][599,206][598,205][596,204][595,203][594,202][592,201][591,200][590,200][590,199][587,197][586,196][586,195][585,195][584,194][583,193][583,192][582,191][582,188][582,187][582,186][582,185][582,184][582,183][582,182][582,181][582,180][581,179][581,178][580,178][580,177][579,177][578,176][577,176][576,176][574,176][574,175][573,174][573,173][572,173][571,172][571,171][570,170][570,169][570,167][570,166][570,165][570,164][570,163][569,162][569,161][569,160][568,159][568,158][568,157][567,157][566,155][566,154][565,154][565,153][563,152][562,151][562,150][561,149][560,148][560,146][560,145][560,144][560,143][559,142][559,141][559,140][559,139][558,138][558,137][558,136][557,135][557,134][533,99][527,84][515,69][507,46][495,24][487,18][473,0]
pt
[173,0][175,0][176,0][177,1][177,2][177,3][177,5][177,6][177,8][177,9][177,11][177,12][177,14][176,15][176,16][176,17][176,19][175,21][174,22][174,24][174,25][174,26][174,27][174,28][174,29][175,29][176,30][177,30][178,31][179,32][179,33][180,33][180,34][181,35][181,36][182,36][182,37][183,37][183,38][183,39][184,40][184,41][185,41][185,42][186,43][187,43][187,44][188,44][215,91][213,102][219,111][236,140][241,151][243,160][255,172][279,215][314,277][329,293][338,301][353,326][356,334][363,358][362,362][372,355][375,354][382,355][383,358][384,359][388,355][393,355][399,354][404,355][409,351][415,348][419,348][420,348][427,345][430,338][436,336][441,336]
pt
[435,334][436,322][427,307][428,301][419,298][418,298][406,277][409,273][400,257][392,254][390,243][368,207][362,193][358,183][349,170][339,173][336,161][339,155][331,138][331,136][324,135][313,118][299,95][293,85][293,80][279,61][274,49][266,39][257,25][247,14][239,0]
pt
[427,396][445,389][453,410][452,424][445,435][443,438][438,436][434,435][432,432][440,423][441,414][435,405][422,396][426,396][434,395]
pt
[365,375][367,407][373,403][375,404][379,408][379,403][383,402][388,404][392,395][383,381][375,381][368,381][365,377]
pt
[439,328][447,345][462,365][465,381][476,402][487,417][497,438][507,463][510,476][509,479]
pt
[628,477][601,432][578,398][564,381][547,353][526,323][501,283][499,267][490,256][471,201][465,182][456,181][437,169][427,150][422,139][390,105][357,55][341,42][328,27][316,7][316,1]
pt
[455,176][463,172][457,164][448,151][445,151][436,151][433,153][432,153][429,153]
pt
[379,2][442,93][459,121][476,153][493,183][514,219][533,238][533,239][561,283][576,315][597,348][620,383][639,410]
pt
[410,1][432,37][437,53][461,86][483,130][495,151][508,164][521,188]
pt
[522,189][546,225][560,244][561,245][567,254][582,247][595,244][606,255][606,256][606,257][607,258][620,287][621,288][633,308][633,309][638,318]
pt
[578,245][557,218][554,204][541,209][539,209][538,203][543,198][543,189][532,188][522,183][519,180]
pt
[406,393][415,386][419,395][407,396][407,391]
pt
[377,428][383,436][388,433][385,427][378,426]
cr
[387,412][389,407][395,407][390,417]
pt
[391,432][398,436][398,438][402,436][391,429]
pt
[156,2][171,32][188,68][208,113][229,150][253,193][287,253][307,303][329,340][340,368][362,403][367,428][367,429][367,430][386,466][397,479]
pt
[3,0][25,34][35,55][39,77][53,97][62,118][72,140][79,154][79,155][84,153][85,145][85,141][91,147][92,155][84,160][70,158][63,145][58,127][57,126][56,125][46,105][39,88][38,87][30,84][27,76][25,63][25,53][5,42][9,26][0,19]
cr
[371,340][376,349][369,347][376,341][371,341][368,343][378,344][375,347]
pt
[11,74][11,73][27,113][39,148][51,159][67,198][68,199][81,226][79,234][81,247][87,260]
pt
[85,229][85,216][75,202][66,184][75,180][75,169][68,164][56,153][46,149][38,147]
pt
[144,369][152,394][162,422][185,453]
pt
[112,193][116,208][127,229]
pt
[91,201][91,214][96,214][104,206][95,199][90,199]
pt
[164,366][171,379][176,375][179,371][176,366][168,360][165,365][162,368]
pt
[354,394][343,405][339,406][333,411][326,419][330,423][339,424][342,419][354,412][359,408][361,405]
pt
[2,330][13,356][17,373][22,388][30,399][30,400][33,412][34,413][34,414][34,415][34,416][34,428][34,429][34,440][26,450][26,451][26,452][25,464][31,473][32,473][38,475][39,476][36,477][16,477][11,472][9,464][10,454][17,445][18,436][22,431][22,420][22,409][21,398][15,397][7,392][7,379][7,366][3,358][3,357]
