18
pt
[352,478][351,478][350,478][349,478][348,478][347,477][347,476][345,475][345,474][345,473][344,471][344,470][344,469][344,468][343,468][342,468][342,467][341,466][341,465][339,465][339,464][338,464][338,463][338,462][336,460][336,459][336,458][336,457][336,456][335,456][335,454][334,453][333,452][333,451][332,450][331,450][330,448][330,447][330,446][330,445][329,445][329,444][328,443][327,443][326,443][324,441][322,440][321,440][319,439][317,438][316,437][315,437][314,435][313,435][313,434][312,434][312,435][312,436][312,437][312,438][312,439][312,440][313,441][314,441][315,441][316,441][316,442][317,443][318,443][318,444][319,444][319,445][319,446][319,447][319,448][319,449][319,450][318,450][318,451][317,452][317,453][316,455][316,456][316,457][316,458][316,459][315,460][315,461][315,462][314,463][314,464][314,465][314,466][314,467][314,468][314,469][314,470][314,471][314,472][314,473][314,474][314,475][314,476][315,476][316,477][316,478][317,478][317,479]
pt
[292,442][292,443][293,443][293,444][294,445][295,445][295,446][296,446][296,447][296,448][297,448][297,449][298,449][298,450][299,450][299,451][301,451][302,452][304,452][305,453][308,453][309,453][310,453][311,453][311,452][311,451][311,449][310,449][310,448][309,448][308,448][307,447][306,446][305,445][304,444][304,443][303,443][302,442][302,440][302,439][302,437][301,435][301,434][301,433][301,432][301,431][301,430][301,429][301,426][301,425][300,425][299,426][299,427][298,428][298,429][297,429][297,430][297,431][296,431][295,432][295,433][294,434][294,435][293,436][293,437][293,438][292,438][292,439][292,440][292,441][292,442]
pt
[316,143][317,142][319,141][320,140][321,140][322,140][323,139][323,138][324,138][325,137][326,136][328,135][328,134][329,134][329,133][330,133][331,133][332,133][333,133][334,133][335,133][336,133][337,133][338,133][339,133][340,133][341,133][342,133][343,133][344,133][345,133][346,133][347,133][348,133][349,133][351,133][352,133][353,133][355,133][356,133][357,133][358,133][358,134][359,134][360,135][360,136][360,139][361,141][362,141][362,142][362,143][362,144][362,145][362,146][362,147][362,148][361,149][360,150][359,150][359,151][358,151][357,152][357,153][356,153][354,154][353,154][352,155][352,156][351,156][350,156][349,157][348,157][348,158][347,158][346,159][345,159][344,160][343,161][342,161][341,161][339,161][338,161][336,161][335,161][334,161][333,161][332,161][330,161][329,160][328,160][328,159][326,158][325,157][324,156][323,155][323,154][319,151][318,151][316,150][316,149][315,148][315,147][315,146][315,145][315,144][315,143][315,142][315,141]
pt
[317,151][317,150][316,150][316,151][315,151][314,152][313,152][311,154][310,155][309,156][308,157][307,158][306,159][305,159][304,160][303,160][302,161][300,161][300,162][299,163][298,163][296,164][295,165][294,166][293,167][292,168][290,170][289,171][287,172][286,172][284,173][282,174][281,174][280,174][280,175][278,175][277,175][277,176][275,176][275,177][274,177][272,177][271,178][270,178][270,179][269,179][268,179][267,180][266,181][265,182][265,183][264,183][264,184][263,185][263,186][262,186][262,187][260,187][259,187][257,187][256,187][255,186][254,186][253,186][252,186][251,186][250,186][250,185][248,185][247,185][245,186][245,187][244,187][244,188][243,189][242,190][241,191][241,192][241,193][240,194][240,195][239,196][239,197][239,198][238,199][238,200][237,202][236,202][235,203][234,204][233,205][232,205][231,205][230,205][229,205][228,205][227,205][226,205][224,205][223,205][222,205][220,205][220,204][219,203][218,203][217,202][217,201][217,196][218,195][218,194][218,193][219,192][219,191][220,190][221,190][221,189][221,188][222,187][226,182][227,182][227,181][228,180][229,179][230,178][231,178][231,176][233,176][233,174][234,174][234,173][234,172][235,171][236,171][236,170][237,169][237,168][238,168][238,167][239,166][240,166][241,165][242,164][243,163][243,162][244,162][245,161][245,160][246,159][246,158][246,157][247,157][249,140][249,139][249,138][249,137][250,137][250,136][250,135][250,134][250,133][250,132][250,131][250,130][250,129][249,128][249,127][248,126][247,125][247,124][247,123][247,122][247,121][247,120][248,119][248,117][249,117][249,116][249,115][250,114][251,114][251,113][251,112][252,111][252,110][252,109][252,108][252,107][252,106][252,105][252,104][252,103][252,102][251,102][251,101][250,100][250,99][250,98][250,97][250,96][250,95][250,94][250,95][250,96][250,97][250,99][251,100][251,101][252,103][252,104][252,105][252,106][253,108][253,109][254,110][255,111][255,112][256,112][257,113][258,114][260,114][260,115][261,117][261,118][261,119][262,120][263,120][263,121][263,122][263,123][263,124][264,125][264,126][265,127][266,127][267,128][269,129][272,129][273,129][277,129][278,130][279,130][280,131][281,131][282,132][283,132][283,133][284,133][284,134][285,134][286,135][287,135][287,136][288,136][289,136][290,136][291,137][292,137][293,137][294,137][295,137][296,138][297,138][299,139][299,140][300,140][302,140][303,141][304,141][305,141][305,142][306,142][307,143][308,143][309,144][310,144][310,145][311,145][312,146][313,146][314,146][315,147][316,147][316,148]
pt
[257,105][258,105][259,105][260,105][261,105][262,105][263,105][264,105][267,105][268,105][270,105][271,105][273,105][274,105][276,105][283,105][284,106][285,106][286,106][287,106][289,107][290,107][291,107][292,107][294,107][295,107][295,106][295,105][295,104][295,103][294,102][294,101][293,101][292,100][292,98][291,98][290,97][289,97][288,96][287,96][286,96][284,95][283,95][280,95][279,95][278,95][277,95][269,95][268,95][264,96][263,96][262,97][260,98][259,99][258,99][258,100][256,101][255,101][254,102][254,104][253,105][253,107][253,108][255,107][258,106][260,105][262,105][262,104]
pt
[637,317][625,325][624,326][622,328][622,329][621,329][621,330][619,331][611,336][610,336][608,337][606,338][605,338][603,339][602,339][597,342][594,344][593,345][592,345][591,345][591,346][590,346][588,347][588,348][587,348][586,348][585,348][584,348][582,348][581,349][580,349][579,350][578,350][577,351][576,351][575,353][574,353][573,353][572,354][571,354][571,355][570,356][569,356][566,359][565,359][565,360][564,360][563,360][562,361][561,361][561,362][560,362][559,363][558,363][557,363][553,365][552,365][551,365][550,365][550,366][549,366][548,366][547,366][547,367][546,367][545,368][544,368][544,369][543,369][542,369][541,370][540,371][539,372][538,372][537,373][537,374][535,375][534,376][534,377][532,378][532,379][532,380][531,381][530,381][529,383][528,384][527,384][526,386][525,386][525,387][524,387][523,389][522,390][521,390][520,391][520,392][519,392][518,394][517,394][517,395][516,395][515,396][514,396][513,397][511,399][510,399][509,400][508,400][507,400][506,401][505,402][504,402][504,403][502,403][501,404][501,405][501,406][501,407][501,408][501,409][501,410][501,411][501,412][501,413][501,414][501,415][501,416][502,417][502,418][502,419][502,420][503,421][505,421][506,421][508,421][510,421][511,421][512,421][513,421][514,421][514,422][515,422][515,423][515,424][515,425][515,426][515,427][515,428][515,429][515,430][514,430][513,431][513,432][512,432][511,432][510,433][509,433][508,433][507,433][507,434][506,434][505,434][504,434][503,434][502,435][501,436][500,436][499,436][498,437][497,438][496,438][495,439][494,439][492,441][491,442][490,442][490,443][489,444][488,445][487,445][486,447][485,447][484,448][483,448][482,450][480,451][477,452][477,453][475,454][474,454][474,455][472,455][470,456][469,457][468,458][467,459][466,459][465,460][464,461][463,462][462,463][461,464][459,466][458,466][457,466][456,466][455,467][454,468][453,469][452,469][451,470][451,471][449,471][449,472][448,472][448,473][447,474][446,475][445,475][444,475][443,475][442,475][440,476][437,476][436,476][434,476][433,476][432,476][430,476][429,476][426,476][425,476][424,476][423,476][422,475][421,475][420,474][419,472][418,472][418,471][418,470][418,469][417,468][417,466][417,465][417,464][417,463][416,463][415,462][415,461][415,460][415,459][416,459][417,459][419,459][420,459][422,459][423,459][425,459][427,460][428,461][429,461][430,462][431,463][432,464][433,464][434,464][435,464][436,462][436,460][436,459][436,458][436,456][436,454][435,454][434,453][434,452][434,451][432,451][430,451][429,450][428,449][427,449][427,448][426,448][423,445][423,444][422,442][422,441][422,440][422,437][422,436][422,432][422,430][422,429][422,428][422,427][422,425][422,424][422,423][422,422][422,420][422,419][422,412][422,410][422,409][422,407][422,406][422,403][422,401][420,400][420,398][420,397][420,396][420,395][420,392][419,384][419,383][419,382][418,380][417,379][417,378][417,377][416,377][415,375][414,375][413,374][412,371][411,370][408,365][407,365][406,365][405,365][403,367][401,368][401,369][401,370][400,370][400,371][399,371][398,371][397,371][397,370][396,369][396,368][395,367][395,365][394,364][394,361][393,361][393,359][392,359][392,358][392,356][392,355][391,353][391,352][390,351][390,350][389,349][389,348][389,346][388,346][388,345][388,344][388,343][392,338][392,337][392,334][391,333][391,331][391,330][389,328][389,327][388,325][388,324][388,322][388,321][388,319][388,318][388,317][389,315][389,314][378,302]
pt
[380,304][380,305][379,305][378,305][378,304][378,303][377,302][377,301][376,299][376,298][376,297][376,296][376,295][376,294][376,293][376,292][376,291][377,289][377,288][377,287][377,286][377,284][376,280][376,279][376,278][375,277][375,276][374,276][374,275][374,274][374,273][374,272][374,271][374,270][374,269][374,268][374,266][374,265][374,264][373,263][372,262][372,261][371,261][370,261][369,260][368,259][367,258][366,257][365,256][365,255][365,254][364,253][364,252][364,251][364,250][364,249][364,248][364,247][364,246][364,245][364,244][363,242][363,241][362,241][362,239][361,237][360,237][360,236][359,235][359,234][359,233][358,233][357,230][356,230][356,229][356,228][356,226][355,225][354,225][354,224][354,223][353,222][353,221][353,220][353,219][353,218][352,217][351,216][351,215][351,214][351,213][351,212][351,211][350,211][350,210][350,209][350,208][350,207][350,206][350,205][350,204][350,203][350,202][350,201][350,200][350,199][350,198][350,197][350,196][350,195][350,193][350,192][350,191][350,190][350,189][350,187][350,186][351,186][351,185][351,184][351,183][351,182][351,181][352,180][352,179][352,178][352,177][353,175][354,175][355,174][358,173][359,172][361,170][362,169][363,169][364,168][365,167][366,167][368,165][369,164][370,163][370,162][371,162][371,161][371,160][372,159][373,158][374,157][378,153][379,152][379,151][379,150][379,149][379,148][379,147][379,146][378,143][377,142][377,141][377,140][377,139][377,138][377,137][377,136][376,135][376,134][376,133][376,132][376,131][376,130][376,129][374,128][374,126][373,125][373,122][373,121][373,120][373,119][372,117][371,116][371,114][371,113][371,111][371,110][371,105][371,104][371,99][371,98][371,97][369,95][369,94][368,93][367,93][366,94][365,95][364,96][364,97][363,98][362,99][361,99][360,99][359,99][358,99][357,98][356,96][356,95][355,92][355,91][355,90][355,89][355,88][356,88][357,87][357,86][358,86][359,85][359,84][361,83][361,82][361,81][361,80][360,80][359,77][358,76][358,75][358,74][357,73][357,72][357,71][357,70][358,70][359,70][359,69][360,69][361,68][361,67][361,66][361,65][361,64][361,63][361,62][361,61][361,60][361,59][361,58][361,57][361,55][360,55][360,54][360,53][360,52][360,51][360,50][361,50][362,50][363,50][364,50][365,50][365,49][365,48][365,47][365,46][366,45][367,44][368,43][368,42][369,42][370,42][370,41][372,38][373,37][373,36][373,35][374,34][374,33][374,32][374,31][374,30][374,29][373,29][372,28][372,26][370,25][370,24][369,24][369,23][369,22][368,21][367,20][367,19][367,17][367,16][367,14][367,12][368,11][369,9][369,8][370,8][371,7][371,6][370,4][366,4][365,3][364,3][364,2][363,2][362,2][362,1][362,0]
pt
[434,184][435,184][436,184][437,184][444,184][445,184][446,184][448,184][449,184][450,185][452,185][453,186][454,187][455,188][457,189][458,189][459,189][461,189][462,191][463,191][464,191][465,191][466,191][467,191][468,191][469,191][472,191][474,191][476,192][477,192][479,193][481,194][483,194][484,194][489,194][491,194][492,194][493,194][494,194][495,194][496,194][497,194][499,194][500,194][502,194][503,194][504,194][505,194][508,194][510,194][514,194][515,194][517,194][518,194][521,191][522,191][522,190][523,188][524,188][525,186][525,184][526,183][526,182][527,182][528,181][530,180][530,179][531,179][532,179][533,179][535,179][536,179][538,179][539,178][540,178][541,178][542,178][543,178][544,178][546,176][547,176][548,176][549,176][550,176][551,176][552,176][554,176][554,175][558,175][558,174][560,174][561,173][562,172][568,172][569,173][571,174][572,175][573,175][574,176][575,176][575,177][576,177][576,179][578,179][578,180][579,181][580,182][581,183][581,184][582,186][583,186][583,189][583,191][583,192][583,194][583,195][583,197][583,198][583,200][583,201][583,203][583,204][583,206][583,207][583,208][583,209][583,210][583,211][583,212][583,213][583,214][583,216][583,218][582,219][582,221][581,221][580,223][579,223][579,224][578,225][578,227][577,228][576,229][575,230][575,231][575,232][574,233][573,233][573,235][572,237][572,238][571,239][571,240][570,240][570,241][570,242][569,243][569,244][568,245][568,246][568,247][567,249][567,250][566,252][566,253][565,254][565,255][565,256][564,258][564,259][564,260][564,261][564,262][564,263][564,264][564,265][563,266][563,267][563,268][562,269][562,270][561,271][561,273][561,274][561,276][560,277][560,279][560,280][560,281][560,282][560,283][560,285][560,286][560,288][558,289][558,290][558,291][558,292][558,293][558,294][558,295][558,296][558,298][558,299][558,300][558,301][558,302][558,303][558,304][558,305][558,306][558,307][558,308][558,309][558,310][558,311][558,312][558,313][557,314][556,315][556,316][556,317][555,318][555,319][554,320][554,321][554,322][553,322][553,323][552,324][552,325][551,327][550,328][550,329][548,330][547,331][547,332][546,333][546,334][545,334][544,335][544,336][544,338][543,338][542,339][541,340][540,340][540,341][539,342][538,343][537,344][537,345][536,345][535,346][535,347][534,348][534,349][533,349][532,350][532,351][531,352][530,352][529,353][529,354][528,354][528,355][528,356][527,357][526,358][526,359][525,360][525,361][524,361][523,363][523,364][523,365][523,366][522,366][522,367][521,369][520,370][520,371][519,371][519,372][519,373][518,373][518,374][517,374][516,375][516,376][515,377][514,379][513,379][513,380][512,381][511,382][510,383][510,384][509,384][509,385][508,385][507,386][506,387][505,387][504,387][503,388][502,388][501,389][501,390][500,390][500,391][498,391][498,392][497,393][495,393][494,394][493,395][493,396][491,397][490,398][490,399][489,399][489,400][488,401][487,402][486,404][485,404][485,405][484,406][483,407][482,407][482,408][480,410][479,410][477,410][476,410][474,410][473,410][472,409][471,408][469,407][469,406][468,406][467,405][466,404][466,403][463,400][463,399][463,398][463,397][463,396][463,395][462,393][462,391][462,390][462,388][462,387][461,386][461,385][460,383][459,382][459,381][459,380][459,378][458,377][457,376][457,375][457,374][457,372][457,371][457,369][457,368][457,366][457,365][456,364][456,363][454,362][454,361][453,360][453,359][451,355][450,354][450,353][450,352][448,347][448,345][448,342][448,341][447,340][447,339][447,338][447,337][447,336][447,335][446,334][445,333][445,332][444,330][443,328][442,328][441,326][440,323][439,323][439,321][438,320][437,319][436,318][435,316][434,316][433,315][432,314][432,313][431,313][430,310][429,310][427,309][426,307][425,307][425,306][424,306][424,305][423,304][422,303][422,302][422,301][422,300][421,300][421,299][420,298][420,296][419,294][418,294][413,283][411,281][411,279][410,277][410,276][410,274][410,273][410,271][408,270][408,269][408,268][407,267][407,265][407,264][407,262][407,261][407,260][407,259][407,258][407,257][407,255][407,254][409,251][410,251][411,250][413,250][414,250][416,250][417,249][418,249][418,248][419,248][421,247][422,245][424,240][424,234][424,232][424,231][424,230][424,229][424,227][424,226][424,225][424,224][424,223][424,221][424,220][424,219][424,218][424,217][424,216][424,215][424,214][424,213][424,212][424,211][424,210][424,209][424,208][424,207][424,206][426,205][426,204][426,203][426,202][427,202][427,201][427,200][427,199][427,198][427,197][427,196][427,194][427,193][427,191][427,190][427,188][427,187][429,186][429,185][429,184][430,182][431,181][431,180][432,180][433,180][434,180][435,180][436,180][437,180][438,180][440,180][440,181][441,181][442,182][444,183][445,184][446,185][447,185]
pt
[39,444][41,443][42,442][42,441][43,440][45,437][45,436][45,435][46,434][48,432][51,429][52,427][53,427][54,426][55,425][55,424][55,423][55,422][55,421][55,420][55,419][55,418][55,417][55,416][55,415][55,414][55,413][55,412][55,411][54,410][54,409][54,408][54,407][53,405][53,404][52,403][51,403][50,403][49,403][47,403][46,403][44,403][42,403][42,404][40,405][39,405][38,406][37,407][37,408][36,410][36,411][36,412][36,413][36,414][36,415][36,416][36,417][36,418][38,419][38,420][38,421][38,422][38,423][38,424][38,426][38,427][37,428][36,429][35,429][34,429][33,429][33,430][32,431][31,432][30,432][26,435][24,437][23,437][22,438][21,439][20,440][19,441][19,443][19,444][18,444][17,446][16,447][15,449][14,449][14,450][13,451][12,453][11,454][10,455][9,456][9,457][9,458][9,459][7,461][6,462][6,463][5,463][5,464][3,465][2,465][2,466][1,466][0,467]
pt
[163,98][164,99][164,100][165,100][166,100][167,100][168,100][170,100][171,100][172,100][173,99][174,99][174,98][175,97][177,96][177,95][178,94][180,93][181,92][181,91][182,91][183,91][184,91][185,91][186,91][187,91][188,91][189,92][190,93][191,94][192,94][192,95][193,96][193,97][193,98][193,99][193,100][193,101][193,102][193,103][193,104][193,105][193,106][193,107][192,108][191,109][191,111][189,112][189,114][188,115][187,116][186,116][186,118][184,118][183,119][182,120][181,121][180,121][180,122][179,122][178,123][177,124][176,125][175,125][174,125][174,126][174,127][173,128][172,128][171,128][170,128][169,128][168,128][167,128][166,128][165,128][164,128][163,128][162,128][161,128][161,127][160,125][159,123][158,120][158,114][158,112][158,111][158,109][158,108][158,106][158,105][158,103][158,102][159,101][159,100][159,99][159,98][160,97][161,97][162,97][163,97][164,97][165,98][166,98][166,99]
pt
[335,76][335,75][335,74][335,73][335,72][335,71][335,70][335,69][336,69][336,68][336,67][336,66][336,65][336,64][336,63][335,63][335,62][334,61][334,60][333,60][333,58][332,58][331,57][331,55][330,55][330,54][329,54][328,53][328,52][327,52][327,51][326,51][325,51][324,51][323,51][321,51][320,51][319,51][318,51][317,51][316,51][315,51][314,51][313,51][313,52][312,52][312,53][311,53][310,53][308,55][306,56][306,57][305,58][304,59][302,61][302,63][301,64][300,66][300,67][300,68][300,69][300,70][300,71][300,73][300,74][300,75][300,76][300,77][300,79][300,80][300,81][301,83][301,84][302,86][302,87][303,88][303,89][303,90][304,92][305,92][305,95][305,97][305,98][305,100][306,100][306,101][306,103][306,104][306,106][306,107][307,109][307,110][308,111][309,112][309,113][310,113][311,114][312,114][312,115][313,115][315,115][317,115][318,115][319,114][321,112][322,111][323,110][328,101][330,99][330,97][330,96][331,94][331,93][332,92][332,91][332,90][332,87][333,85][333,84][333,81][333,79][333,78][333,76][333,75][333,73][333,72][334,70][334,69][334,67][334,66][334,65]
pt
[234,32][234,31][233,31][232,30][232,29][231,28][229,28][228,28][227,28][226,28][226,29][226,30][226,31][226,32][227,32][227,33][227,34][228,34][229,34][230,34][231,34][232,34][233,34][233,33]
pt
[568,1][568,4][568,5][568,7][568,8][569,9][569,10][570,11][571,12][572,14][573,15][574,16][574,17][574,18][574,19][574,20][574,28][574,29][574,30][574,31][574,32][574,33][574,36][574,37][574,38][574,39][574,40][574,41][574,42][575,44][575,45][575,46][575,47][576,48][576,49][577,50][577,51][578,52][578,53][580,55][580,56][580,57][580,58][580,59][580,60][580,61][581,62][581,64][582,65][583,66][583,67][584,69][585,70][585,71][586,72][587,74][587,75][588,78][589,80][589,81][589,82][590,83][590,84][591,86][591,87][591,90][591,91][591,92][591,93][591,94][591,96][592,97][592,98][592,99][592,100][592,101][592,102][593,103][594,104][594,105][594,106][594,107][596,108][596,109][596,110][596,111][597,111][597,112][597,113][597,114][599,115][599,116][599,117][600,119][600,120][600,121][600,122][602,123][602,125][603,127][604,128][605,129][605,130][606,131][606,132][606,133][607,134][608,135][609,135][609,136][609,137][610,138][611,139][612,140][613,141][614,142][616,143][618,144][619,144][622,144][623,145][624,146][624,147][625,147][625,148][626,148][627,148][628,149][628,150][628,151][629,152][630,152][630,153][631,154][631,155][631,156][632,156][632,158][633,159][633,160][634,160][634,161][635,161][636,162][637,163][638,165][639,166]
cr
[605,149][606,149][608,149][609,149][610,149][611,149][612,149][614,150][615,150][615,151][616,152][617,152][618,152][618,153][619,154][620,155][620,156][620,157][620,158][620,159][620,160][620,161][619,161][619,162][618,163][617,164][616,165][615,165][614,166][613,166][612,167][610,167][609,168][607,168][607,169][606,169][605,169][604,169][603,169][602,168][601,168][601,167][601,166][600,165][600,164][600,163][600,162][600,161][600,160][600,159][600,158][600,157][600,156][600,155][600,154][600,153][600,152][600,151][601,150][601,149][602,149][603,149][604,149][605,149]
pt
[460,32][436,1]
pt
[460,31][491,71][511,99][535,126][557,158][568,171]
pt
[585,192][637,275]
pt
[0,54][2,44][3,45][4,46][5,46][7,46][8,46][9,46][10,46][12,45][13,44][15,43][15,42][16,41][17,41][17,40][19,39][19,38][20,38][21,37][22,37][24,35][26,35][26,34][27,33][28,32][29,31][30,31][33,29][34,28][35,28][36,28][39,25][41,23][42,22][44,20][45,19][45,18][46,17][47,16][48,15][48,14][48,13][48,12][49,11][49,10][50,10][50,9][51,8][51,7][51,6][52,5][53,4][54,4][54,3][54,2][55,2][56,2][56,1][57,1]
