10
pt
[1,397][31,477][30,479]
pt
[258,478][151,308][117,246][87,201][81,184][67,163][58,143][49,134][0,50]
pt
[119,477][111,445][89,407][89,399][88,388][79,378][74,367][49,321][50,314][48,303][39,293][33,292][24,257][19,242][15,229][1,203]
pt
[46,215][28,230][42,245][44,234][47,229][48,221][51,215][64,229][74,231][81,224][82,218][71,216][68,216][64,210][49,210][46,212]
pt
[302,474][298,476][298,475][298,474][297,474][297,473][297,472][296,472][296,471][296,470][295,470][295,469][295,468][295,467][294,467][294,466][294,465][293,465][292,465][292,464][292,463][291,463][291,462][291,461][290,460][290,459][290,458][289,458][289,457][289,456][288,456][288,455][288,454][288,453][287,452][287,451][287,450][287,449][286,449][286,448][285,448][285,447][285,446][284,446][284,445][283,444][283,443][282,443][281,442][279,441][279,440][278,440][278,439][278,438][278,437][278,436][278,435][278,434][278,433][278,432][278,431][277,431][277,430][277,429][277,428][276,428][276,427][275,427][275,426][273,426][270,425][269,424][268,423][266,422][266,421][265,421][264,420][264,419][263,418][262,417][262,416][262,415][261,414][261,413][261,412][261,411][261,410][261,409][261,408][260,408][260,407][260,406][259,405][258,405][257,404][256,403][255,403][255,402][254,402][253,402][252,402][252,401][252,400][251,400][251,399][250,399][249,397][249,396][248,396][248,395][247,395][246,395][246,394][245,394][245,393][244,393][243,392][243,391][242,391][242,390][241,390][241,389][240,389][240,388][239,388][239,387][239,386][239,385][239,384][238,384][238,383][238,381][236,381][236,379][235,378][235,377][234,376][234,375][234,374][234,373][233,373][233,372][233,371][232,370][232,369][231,368][231,367][230,366][230,365][230,364][229,364][228,363][228,362][227,361][227,360][227,359][226,358][226,357][226,356][225,356][225,355][225,354][224,354][224,353][224,352][223,352][223,351][223,350][222,350][222,349][221,349][221,348][221,347][220,347][220,346][219,344][218,342][217,340][217,339][217,338][217,337][216,337][216,336][216,335][215,335][215,334][215,333][214,333][214,332][214,331][214,330][213,330][212,329][212,328][211,327][211,326][210,326][210,325][210,324][209,324][209,323][208,323][208,322][208,321][207,321][207,320][206,318][205,317][205,316][204,315][204,314][203,314][203,313][203,312][202,312][202,311][202,310][201,310][201,309][201,308][201,307][200,307][200,306][200,305][199,304][199,303][199,302][198,302][198,301][198,300][197,299][196,299][196,297][194,296][193,294][192,293][192,292][191,292][191,291][191,290][190,289][188,287][187,285][187,284][186,283][186,282][185,282][185,279][185,278][184,276][183,275][182,274][181,272][180,271][179,269][178,268][178,267][178,266][178,265][177,265][177,264][177,263][176,263][176,262][176,261][175,261][175,260][175,259][174,259][174,258][174,257][173,256][172,255][171,253][170,252][170,251][168,250][168,249][167,248][167,247][167,246][166,246][166,245][165,243][165,242][164,240][163,240][163,239][163,238][162,238][162,237][162,236][162,235][161,234][161,233][160,232][160,230][160,229][159,228][159,226][159,225][159,224][158,223][157,221][155,219][154,218][153,216][152,216][152,214][151,214][151,213][150,213][150,212][150,211][149,210][149,208][148,206][148,205][147,205][146,203][145,202][143,201][142,199][141,198][141,197][140,197][139,197][139,196][139,195][138,194][137,193][136,192][135,190][134,190][134,188][133,188][132,187][132,186][132,185][131,185][131,184][131,183][130,183][129,182][129,181][128,180][128,179][127,178][127,177][126,177][126,176][125,175][125,174][124,174][124,173][123,172][122,171][122,170][122,168][122,167][121,167][121,166][121,165][120,164][120,163][120,162][120,160][120,159][120,158][120,157][120,156][120,155][120,154][120,153][120,152][120,151][120,150][119,150][119,149][119,148][119,147][118,147][118,146][118,145][118,144][118,143][117,143][117,142][117,141][116,141][115,140][115,139][114,138][113,137][113,136][112,136][112,135][112,134][111,134][111,133][111,132][110,131][110,130][110,129][109,129][109,128][108,127][108,126][108,125][107,125][107,124][107,123][107,122][107,121][106,121][105,121][105,120][105,119][104,119][104,118][103,118][102,118][102,117][101,116][99,115][98,114][97,114][97,113][96,113][95,112][94,111][93,109][91,109][91,108][90,108][90,107][90,106][89,106][89,105][88,104][88,103][87,103][87,102][86,102][86,101][85,101][84,100][83,99][83,98][82,98][82,97][81,96][80,96][80,95][79,95][79,94][79,93][78,92][78,91][77,91][77,90][77,89][77,88][77,87][77,86][77,85][76,85][76,84][74,84][73,83][72,83][71,82][71,81][70,81][70,80][69,80][69,79][69,78][68,77][68,76][68,75][68,74][68,73][68,72][68,71][68,70][68,69][67,69][67,68][67,67][67,66][67,65][66,64][66,63][66,62][66,60][66,59][66,58][66,57][66,56][66,55][66,54][66,53][66,52][66,51][65,51][65,50][64,50][64,49][63,49][62,49][62,48][61,48][60,47][59,46][57,46][57,44][55,44][55,43][54,43][52,42][52,41][51,41][50,41][49,40][48,39][48,38][47,37][46,37][46,36][46,35][46,34][46,33][46,32][46,31][46,30][46,29][46,28][46,27][46,26][46,25][46,24][46,23][46,22][46,21][45,20][45,19][45,18][44,17][44,16][44,15][44,14][43,14][42,13][42,12][41,12][41,11][40,11][39,10][38,9][37,9][37,8][36,8][35,7][33,7][31,6][30,5][29,5][28,5][27,4][26,4][25,4]
pt
[298,476][298,477][298,478][299,479]
pt
[457,478][457,477][457,476][456,476][455,476][455,475][454,474][453,473][452,472][450,472][450,471][449,471][448,471][447,471][446,470][444,469][443,468][442,468][440,468][440,467][439,467][438,467][437,466][437,465][436,465][436,464][436,463][435,462][434,461][434,460][434,459][434,458][433,458][433,457][433,456][433,455][433,454][433,453][433,452][432,452][432,451][431,451][431,450][431,449][430,449][430,448][429,447][428,446][427,445][427,444][426,444][426,443][425,443][425,442][424,441][424,440][424,439][423,438][423,437][423,436][423,435][422,435][422,434][422,433][421,432][421,431][421,430][420,429][420,428][419,428][419,427][418,426][418,425][417,425][416,424][415,423][415,422][414,422][414,421][412,420][412,419][411,418][411,417][410,417][410,416][409,416][409,415][409,414][409,413][408,412][408,411][408,410][407,409][406,408][406,407][406,406][405,406][405,405][404,404][403,402][402,402][400,398][399,398][399,397][398,397][397,397][397,396][396,396][396,395][394,395][393,395][393,394][392,394][391,394][391,393][390,393][390,392][389,392][389,391][388,391][387,390][386,389][386,388][385,387][384,387][384,386][383,385][383,384][382,384][381,383][380,383][379,383][379,382][378,381][377,381][377,380][376,380][375,379][374,378][373,378][373,377][372,377][371,377][371,376][370,376][369,376][369,375][368,374][366,372][365,371][365,370][364,370][363,369][363,368][363,367][362,367][362,366][362,365][361,365][361,364][361,363][360,363][360,362][360,361][359,361][359,360][359,359][359,358][358,358][358,357][358,356][358,355][357,354][356,354][356,353][356,352][355,352][355,351][355,350][354,350][353,349][353,348][352,348][351,348][350,347][349,347][348,346][347,346][346,346][345,345][344,345][343,344][342,344][342,343][341,343][340,342][339,340][338,339][338,338][337,338][337,337][337,336][336,335][336,334][336,332][335,332][335,331][335,330][335,329][335,328][335,327][335,326][335,325][335,324][335,322][335,321][335,320][335,319][335,318][335,317][335,316][335,315][334,314][334,313][334,312][334,311][333,311][333,310][332,309][331,309][330,309][329,309][328,309][327,309][326,309][325,309][324,309][323,309][322,309][321,309][320,309][320,308][319,308][318,308][317,307][316,307][316,306][315,306][315,305][315,304][314,304][314,303][314,302][313,301][313,300][313,299][313,298][312,298][312,297][311,296][310,295][310,294][309,294][309,293][309,292][308,292][308,291][307,291][306,290][305,290][304,289][304,288][303,288][303,287][302,286][301,285][300,285][300,284][299,283][298,282][298,281][297,280][296,279][296,278][296,277][294,275][294,274][294,273][294,272][293,272][293,271][293,270][293,269][293,268][293,267][292,267][292,266][292,265][292,264][292,263][292,262][291,262][291,261][290,260][290,259][290,258][288,257][288,256][287,255][287,254][286,253][285,253][285,252][284,252][283,252][283,251][282,251][281,251][281,250][280,250][279,250][279,249][278,249][277,248][277,247][276,247][276,246][275,246][274,245][273,244][273,243][272,243][271,243][271,242][270,242][269,242][269,241][268,241][268,240][267,239][267,237][267,236][267,235][267,234][266,234][265,232][264,230][263,229][263,228][263,227][262,227][262,226][261,224][260,223][260,221][259,220][258,219][258,217][258,216][258,215][257,213][257,211][256,211][256,210][256,209][256,208][255,207][254,206][254,205][253,205][253,204][252,204][252,203][252,202][250,201][250,200][250,199][248,199][248,198][247,198][247,197][247,196][246,196][245,195][244,195][244,194][243,193][242,193][242,192][241,192][241,191][240,191][239,190][239,189][238,188][238,187][237,187][237,186][237,185][236,185][236,184][235,184][235,183][235,182][234,181][234,180][234,179][233,179][233,178][232,178][232,177][232,176][231,176][231,175][230,175][230,174][229,174][228,173][228,172][227,172][226,171][225,170][224,169][223,169][222,168][221,168][221,167][220,167][219,166][218,166][218,165][217,165][216,165][216,164][215,162][214,160][214,159][214,158][214,157][214,156][214,155][214,154][214,153][214,152][214,151][214,150][214,149][213,148][213,147][213,146][213,145][213,144][213,143][212,143][212,142][211,141][210,141][210,139][209,139][209,138][208,138][207,137][207,136][206,136][205,135][204,135][204,134][203,134][203,133][202,133][202,132][201,132][200,132][199,131][198,131][197,130][197,129][196,129][195,129][195,128][193,127][192,126][190,126][189,125][188,124][187,124][187,123][186,123][185,123][184,123][184,122][183,122][182,122][182,121][181,121][180,121][179,121][179,120][178,120][177,119][177,118][177,117][177,116][177,115][177,114][177,113][177,112][176,111][176,110][176,109][176,108][176,107][176,106][175,105][175,104][175,103][175,101][175,100][175,99][174,98][174,96][173,96][173,95][173,94][172,93][171,93][170,93][169,93][168,93][167,93][166,93][165,93][164,93][164,92][163,90][163,89][163,88][163,87][162,87][162,86][162,85][162,84][162,83][162,82][161,81][161,80][160,80][159,79][158,78][158,77][157,77][156,77][155,76][154,76][154,75][153,75][152,74][151,74][150,73][149,73][148,72][148,71][147,71][146,71][146,70][145,69][145,68][144,67][144,66][144,65][144,64][144,63][144,62][144,61][143,61][143,60][142,60][142,59][142,58][142,57][141,57][141,56][140,55][140,54][139,54][139,53][139,52][138,52][136,52][135,51][133,50][131,49][129,49][128,49][127,49][127,50][127,51][127,52][127,53][127,54][127,55][127,56][127,57][127,58][126,58][125,58][124,58][123,58][122,58][122,57][121,57][120,57][120,56][119,56][119,55][118,54][117,54][116,53][115,52][113,50][113,49][112,49][112,48][111,48][111,47][110,47][109,47][109,46][108,46][107,45][106,45][106,44][106,43][105,43][105,42][105,41][105,40][105,39][105,38][105,37][105,36][105,35][105,34][105,33][105,32][105,31][105,30][105,29][105,28][104,28][103,27][102,25][102,24][101,24][100,23][99,22][96,20][96,19][95,19][95,18][94,18][94,17][92,16][92,15][91,15][90,15][90,14][89,14][89,13][89,12][89,11][89,10][89,9][89,8][89,7][88,5][88,4][88,3][88,2][87,2][86,1][86,0]
pt
[544,478][543,478][541,478][539,478][538,478][537,478][536,478][535,477][534,476][534,475][534,474][534,473][534,472][534,471][534,470][534,469][534,468][533,468][533,467][533,466][532,466][532,465][531,465][531,464][531,463][531,462][530,462][530,461][530,460][529,460][528,460][528,459][528,458][527,457][527,456][526,456][526,455][526,454][525,454][525,453][524,453][524,452][523,451][522,450][521,448][521,447][520,446][520,445][519,445][518,444][518,443][517,443][517,442][516,442][516,441][515,441][515,440][514,440][514,439][513,439][513,438][512,438][511,437][511,436][510,435][508,433][508,432][507,432][507,431][506,430][505,429][504,429][504,428][503,428][503,427][503,426][502,426][501,425][501,424][500,424][500,423][500,422][499,422][498,421][498,420][498,419][497,419][497,418][496,418][496,417][496,416][495,416][495,415][494,415][494,414][493,414][493,413][493,412][492,412][491,412][491,411][490,411][490,410][489,410][489,409][488,409][487,408][487,407][486,407][486,406][485,406][485,405][484,405][483,404][483,403][482,403][481,402][481,401][480,401][480,400][479,399][479,398][478,398][477,397][477,396][476,396][476,395][475,395][475,394][475,393][475,392][475,391][475,390][475,389][475,388][475,387][474,387][473,386][472,386][472,385][471,384][470,384][469,383][469,382][468,381][468,380][467,379][466,378][466,377][466,376][465,376][465,375][465,374][464,374][463,374][462,374][461,373][460,373][459,373][458,373][458,372][457,372][457,371][456,371][456,370][456,369][455,369][455,368][455,367][455,366][454,366][454,365][454,364][454,363][453,363][453,362][453,361][452,360][451,360][451,359][450,358][450,357][449,357][449,356][448,356][448,355][447,354][447,353][446,353][446,352][445,352][444,352][444,351][444,350][443,350][443,349][442,349][442,348][441,348][441,347][440,347][440,346][439,346][439,345][438,344][437,342][436,341][435,339][435,338][434,337][433,335][433,333][432,333][432,332][432,331][432,330][431,330][431,329][431,328][430,328][430,327][429,327][429,326][428,326][428,325][427,325][426,324][426,323][425,323][425,322][424,322][423,321][423,320][422,320][422,319][421,318][421,317][421,316][420,315][419,314][419,313][419,312][418,312][418,311][417,310][417,309][416,309][416,308][416,307][415,307][415,305][415,304][414,303][414,302][413,302][413,301][412,300][412,299][411,298][410,298][410,297][410,296][410,295][409,295][409,294][409,293][407,290][406,289][406,287][404,285][403,283][403,282][403,281][403,280][403,279][403,278][403,277][402,277][401,276][400,276][399,274][396,274][395,274][394,273][393,273][393,272][392,271][391,270][390,269][390,268][389,268][389,267][389,266][388,265][388,264][387,263][387,262][386,262][386,261][385,261][385,260][384,260][383,260][383,259][383,258][382,258][381,257][379,256][379,255][378,255][377,254][376,254][376,253][375,253][375,252][374,252][373,252][373,251][372,251][372,250][371,249][370,248][370,247][369,246][369,245][368,243][366,241][365,239][365,238][364,237][364,236][363,236][362,235][361,235][360,234][360,233][359,232][358,231][358,230][357,230][357,229][356,229][356,228][355,228][355,227][355,226][354,226][354,225][353,225][352,224][352,223][351,222][350,221][349,218][348,218][347,218][347,217][347,216][346,214][346,213][346,212][346,211][346,210][346,209][347,209][347,208][348,208][349,208][350,208][351,208][352,208][353,208][353,209][354,209][354,210][355,210][355,211][355,212][356,213][357,214][358,214][359,215][360,215][361,215][362,215][362,216][363,216][364,216][365,216][366,217][367,217][367,218][367,219][368,219][369,220][370,221][371,222][372,222][372,223][373,223][374,224][375,225][376,225][376,226][377,226][378,226][379,227][381,228][383,229][385,230][386,231][387,231][388,232][389,232][390,232][390,233][391,233][392,233][393,233][393,234][393,235][393,236][395,237][396,239][398,240][398,241][400,242][400,243][400,244][400,245][400,246][401,247][402,248][403,248][403,249][403,250][404,250][404,251][404,252][405,254][405,255][405,256][405,257][406,257][406,258][407,259][408,259][408,260][408,261][409,261][409,262][409,263][409,264][410,264][410,265][410,266][411,267][411,268][412,268][412,269][413,270][413,271][414,271][415,271][415,272][416,272][416,273][416,274][417,274][417,275][418,275][418,276][419,276][420,277][420,278][421,278][421,279][422,279][422,280][423,281][424,281][429,281][430,281][431,281][432,281][433,281][433,282][437,287][438,288][439,290][440,291][441,291][445,291][446,292][447,292][448,292][448,293][449,293][450,293][451,295][452,295][452,296][454,298][455,298][455,299][456,300][458,301][459,302][460,303][460,304][460,305][461,306][462,307][463,309][463,311][464,311][464,313][465,313][465,314][466,314][466,315][466,316][466,317][467,317][467,318][468,318][468,319][468,320][468,321][469,323][469,324][469,325][469,326][469,327][469,328][469,329][470,330][471,330][472,331][473,332][474,333][475,334][476,334][477,334][478,335][479,336][480,336][481,336][481,337][482,337][482,338][483,339][484,339][484,340][485,340][485,341][486,342][487,343][487,344][487,345][487,346][487,347][487,348][487,349][487,350][487,351][487,352][487,353][487,354][487,355][488,356][488,357][489,358][490,358][490,359][490,360][491,361][491,362][492,362][493,362][494,362][494,363][495,363][497,363][499,363][500,363][501,363][502,363][503,363][504,363][505,363][506,363][507,363][508,363][509,363][509,365][511,366][512,367][513,368][513,369][514,369][514,370][515,370][516,370][516,371][517,372][518,372][519,373][520,373][520,374][520,375][521,375][521,376][522,376][522,377][522,378][523,378][523,379][524,379][525,379][525,380][525,381][526,382][526,383][527,384][528,384][528,385][529,385][529,386][529,387][530,388][531,389][531,390][532,391][532,392][532,393][533,393][533,394][534,394][534,395][535,397][536,398][537,398][537,400][538,400][538,401][538,402][538,403][539,404][540,404][540,406][540,407][541,407][541,408][541,409][542,410][543,411][543,412][544,414][545,416][545,417][546,418][546,419][546,420][547,421][547,422][547,423][548,424][548,425][548,427][548,428][548,429][548,431][549,432][549,433][549,434][550,434][550,435][551,435][551,437][552,437][553,438][553,439][553,440][554,440][554,441][555,441][555,442][556,443][557,443][557,444][558,444][558,445][559,445][560,446][561,446][562,446][563,446][564,447][565,447][569,448][569,449][571,449][571,450][572,450][572,451][573,451][574,451][575,452][576,452][577,453][578,454][579,455][581,456][582,457][583,458][583,459][584,459][584,460][585,461][586,462][587,463][588,464][588,465][589,465][589,466][590,467][590,468][592,470][594,471][595,473][597,474][598,475][599,476][600,476][601,477][602,477][603,477][604,477][604,478][605,478][605,479][606,479]
pt
[178,144][179,144][180,144][181,144][182,144][183,143][183,142][184,142][185,141][185,140][185,138][185,137][185,136][185,135][185,134][184,133][184,132][183,131][182,130][182,129][181,129][180,129][179,129][178,129][177,129][175,129][174,129][173,129][172,129][171,129][170,129][169,129][168,129][167,129][166,129][165,129][164,129][164,130][164,131][164,132][164,133][164,134][164,135][164,136][164,137][165,138][165,139][165,140][168,140][169,140][169,141][170,141][171,141][172,141][173,141][174,142][175,142][176,142][177,142][178,142][179,142][179,143][180,143][181,143]
pt
[220,234][220,235][221,235][222,235][223,235][224,235][224,234][225,234][225,233][225,232][225,231][226,231][226,230][226,229][226,228][225,228][225,227][224,227][224,226][224,225][223,225][223,224][222,224][221,224][221,223][220,223][219,223][218,223][217,223][216,223][215,223][214,223][213,223][212,223][211,223][210,224][210,225][210,226][209,227][209,228][209,229][209,230][210,230][210,231][211,231][212,231][213,231][213,232][214,232][215,232][216,232][216,233][217,233][218,233][219,233][220,233][221,233][222,233][223,233]
