18
pt
[39,479][636,234][639,232]
pt
[63,479][616,254][639,239]
pt
[465,352][632,278]
pt
[306,429][324,476]
pt
[371,477][310,428]
pt
[324,474][325,474][325,475][326,476][326,477][327,477][327,478][327,479]
pt
[543,321][571,394]
pt
[570,393][563,398][546,351][553,348]
pt
[547,318][578,399]
pt
[577,398][569,391]
pt
[463,351][459,345][476,341][479,344][463,350]
pt
[492,335][511,325][515,312][522,318][536,311][538,311][532,299][510,307][494,318][487,317][503,304][527,294][527,291][539,288][541,297][577,285][595,278][607,278][615,273][627,268][634,266][638,262][631,276][631,279]
pt
[527,432][536,454][545,451][541,426][527,429][526,431]
pt
[1,163][1,164][1,165][2,165][2,166][3,166][3,167][4,168][4,169][5,169][5,170][5,171][6,171][6,172][7,172][7,173][7,174][8,175][10,177][11,178][12,179][13,180][13,181][14,181][14,182][15,182][15,183][16,184][16,185][17,185][17,187][19,187][19,188][19,189][20,189][20,190][21,190][21,191][21,192][21,193][22,193][22,194][22,195][22,196][23,196][23,197][24,198][24,199][24,200][25,200][25,201][26,201][26,203][26,204][26,205][27,206][27,207][28,207][28,208][28,209][28,210][28,211][28,212][28,213][28,214][29,215][29,216][30,217][30,218][31,218][31,219][31,220][32,220][32,221][33,222][33,223][34,223][34,224][35,224][35,225][36,225][36,226][37,226][38,227][39,228][40,229][41,230][42,231][43,231][43,232][44,233][45,234][45,235][46,235][46,236][47,236][47,237][47,238][48,238][49,238][50,238][51,239][52,239][53,239][55,239][56,239][57,239][58,239][59,239][60,239][61,239][62,239][63,239][64,239][65,239][66,239][68,239][69,239][71,239][72,239][74,239][75,239][76,239][77,239][78,239][79,239][80,239][81,239][82,239][83,238][84,238][85,237][86,237][87,237][87,236][88,236][89,236][89,235][90,235][91,235][92,234][93,234][94,234][96,234][97,234][99,234][100,234][101,234][102,234][103,234][104,234][105,234][105,235][106,235][107,236][108,236][108,237][109,237][110,237][110,238][111,238][111,239][112,239][113,239][113,240][114,240][114,241][115,241][115,242][115,243][116,243][116,244][117,245][117,246][117,247][118,248][118,249][118,250][118,251][118,252][118,253][118,254][118,255][118,256][118,257][118,258][118,259][118,260][118,261][118,262][118,263][118,264][118,265][118,266][118,267][118,268][118,269][118,270][118,271][118,272][118,273][118,274][118,275][118,276][118,277][118,278][118,279][118,280][117,280][117,281][116,281][116,282][116,283][116,284][115,284][115,285][115,286][114,287][114,288][114,289][114,290][113,291][112,293][112,294][112,295][112,296][111,297][111,298][111,299][111,300][110,301][110,302][110,303][110,304][110,305][110,306][110,307][110,308][110,309][110,310][110,311][110,312][110,313][110,314][110,315][110,316][110,318][110,319][110,320][110,321][110,322][110,323][110,324][110,325][110,326][110,327][110,328][110,329][110,330][110,331][110,332][110,333][110,334][110,335][110,336][110,337][110,338][110,339][111,339][111,340][112,342][112,343][114,345][114,346][115,346][116,347][117,348][118,348][119,348][121,348][122,348][123,348][125,348][126,348][128,348][129,348][130,348][131,348][132,348][133,348][134,348][135,348][136,348][137,348][138,348][139,348][140,348][141,348][142,348][143,348][145,348][147,348][148,348][149,348][150,348][151,348][152,348][153,348][154,348][155,348][156,348][157,348][158,348][158,347][159,347][160,347][161,347][162,347][164,347][165,347][166,347][167,347][168,347][169,347][169,346][169,345][169,344][170,344][170,343][171,343][171,342][172,340][173,340][173,339][174,338][174,337][174,336][175,336][176,334][176,332][177,331][177,330][178,329][178,328][178,326][178,325][179,324][179,323][179,322][179,321][179,320][179,319][179,318][179,317][179,316][179,315][179,314][179,313][179,312][179,311][179,310][179,309][179,308][179,307][179,306][179,305][179,304][179,302][179,300][179,298][179,297][179,296][179,295][179,293][179,292][179,291][179,290][179,289][179,288][179,287][179,286][179,285][179,284][179,283][179,282][179,281][179,280][179,279][179,278][178,275][178,274][178,273][178,271][178,268][178,267][178,266][178,263][178,262][178,261][178,260][178,259][178,258][178,257][178,256][178,255][178,253][178,252][178,251][178,250][178,248][179,247][180,246][180,244][181,243][181,242][182,241][182,240][182,239][182,238][182,237][183,237][185,236][186,236][186,235][187,235][188,235][188,234][189,234][189,233][190,233][191,233][192,233][193,233][195,233][196,233][197,233][198,233][199,233][200,233][201,233][201,234][202,234][202,235][202,236][203,236][204,237][204,238][205,238][205,239][205,240][206,240][206,241][206,242][206,243][206,244][206,245][206,246][206,247][206,248][206,249][207,250][207,253][208,254][208,256][208,257][208,259][208,261][208,262][208,263][209,264][209,265][210,265][210,267][211,268][212,268][213,269][213,270][214,270][215,271][216,271][218,271][218,272][219,272][220,272][220,273][220,274][220,275][220,276][220,277][220,278][220,279][219,279][219,280][219,281][219,282][218,283][218,284][217,285][217,286][217,287][217,288][217,289][217,290][216,290][216,291][215,292][215,293][215,294][215,295][215,296][215,297][214,297][214,298][214,300][214,302][214,303][214,304][214,305][214,306][214,307][214,308][213,308][213,309][213,310][213,311][212,313][212,314][212,315][212,316][212,317][212,318][212,319][212,320][212,321][212,322][212,323][212,324][212,325][212,326][212,327][212,328][212,329][212,330][212,331][212,332][212,333][212,334][212,335][212,336][213,337][214,338][214,339][215,339][216,340][217,340][218,340][219,341][220,341][221,341][222,341][223,341][224,341][225,341][226,341][227,341][229,340][230,339][231,339][232,338][235,337][236,336][237,336][238,336][239,336][239,335][240,335][241,335][242,335][243,335][243,334][245,333][246,333][247,333][247,332][248,332][248,331][248,330][249,330][250,330][251,330][251,329][252,329][252,328][253,327][254,327][254,326][255,326][256,326][257,325][258,324][259,324][260,324][261,324][261,323][262,323][263,323][264,323][265,323][266,323][267,323][269,323][270,322][271,322][272,322][273,322][274,322][275,322][275,321][276,321][277,321][278,320][279,319][281,319][281,318][282,318][282,317][283,316][284,315][284,314][285,313][285,312][286,312][286,311][286,310][286,309][286,308][286,307][286,306][287,306][287,305][288,304][288,303][289,303][290,302][291,302][291,301][292,301][293,301][294,301][295,301][296,301][297,301][298,301][299,300][300,300][301,300][303,300][305,299][306,299][307,299][308,299][309,299][310,299][312,299][314,299][315,299][318,299][319,299][320,299][321,299][322,299][323,299][324,299][326,299][327,299][328,299][329,298][330,298][331,297][331,296][333,294][333,293][334,293][334,292][335,292][335,291][335,290][336,290][336,289][336,288][336,287][337,287][337,286][337,285][338,285][338,284][339,284][339,283][340,282][341,281][342,281][342,280][343,280][345,280][349,280][352,280][353,280][356,281][357,281][358,281][359,282][360,282][361,282][362,282][363,282][364,282][365,282][366,282][367,282][367,281][368,281][368,280][369,280][369,279][370,277][370,276][370,275][370,274][371,273][371,272][371,271][371,270][371,269][371,268][371,267][371,264][371,263][371,262][371,261][371,260][372,260][373,260][374,259][376,259][377,258][378,258][380,257][382,257][383,257][384,257][385,257][386,257][386,256][388,256][389,256][394,257][394,258][395,258][396,259][397,260][397,261][397,262][398,262][398,263][399,263][403,265][404,265][406,265][407,265][408,265][409,265][411,265][412,265][413,265][414,264][415,263][416,261][416,260][417,259][418,257][418,256][418,254][418,252][418,251][419,249][419,248][419,247][419,246][419,245][419,242][419,241][419,240][418,239][417,238][417,237][417,236][417,234][417,232][417,230][417,228][417,226][417,225][417,224][417,223][418,223][419,223][420,223][421,223][422,223][423,223][424,223][425,223][426,223][427,223][428,223][429,223][430,223][431,223][431,222][432,222][433,222][434,222][435,222][436,222][437,222][438,222][439,222][440,222][441,221][443,221][444,221][445,221][446,221][447,220][448,220][449,220][450,220][451,220][452,220][454,219][455,219][456,219][458,219][459,219][460,218][461,218][462,217][463,217][465,217][466,216][468,215][469,215][470,214][471,214][472,214][474,212][475,212][475,211][476,210][477,210][478,210][478,209][478,208][479,207][479,206][479,205][479,204][479,203][479,202][479,201][479,200][479,199][478,199][478,198][478,197][477,196][477,195][477,194][477,193][477,192][477,191][477,190][478,190][478,189][479,188][480,187][481,187][481,186][482,186][482,185][483,185][483,184][484,184][484,183][485,183][486,182][486,181][487,181][488,180][488,179][489,179][489,178][490,178][490,177][491,177][492,177][493,177][494,177][495,177][496,178][496,179][496,180][497,180][497,181][498,182][498,183][499,183][499,184][499,185][500,185][501,185][501,186][502,186][503,187][504,187][505,188][508,189][511,190][514,192][517,193][519,194][520,194][521,194][522,194][524,194][525,194][526,194][527,194][528,194][529,194][530,194][531,194][532,194][534,194][535,194][536,194][537,194][538,194][539,194][540,194][541,194][542,194][543,194][544,194][545,194][546,194][547,193][548,193][549,192][551,191][552,191][553,190][554,188][555,188][557,187][558,186][560,186][562,185][563,184][565,184][566,183][567,182][568,182][569,181][570,181][570,180][571,180][571,179][572,176][572,175][572,173][573,173][573,172][573,171][573,170][574,170][575,169][576,168][576,167][577,167][577,166][578,166][578,165][579,165][579,164][580,164][580,163][581,163][582,162][583,161][583,160][585,160][585,159][586,159][586,158][587,157][588,156][588,155][589,154][589,153][590,152][590,151][591,150][592,149][592,148][593,147][594,146][595,145][595,144][596,143][596,141][598,140][598,139][599,138][600,138][600,137][600,136][601,136][602,135][603,135][604,134][604,133][605,133][606,133][607,133][607,132][608,132][610,132][610,131][612,130][613,130][613,129][615,129][616,128][618,127][619,127][620,127][621,126][622,126][623,125][624,125][626,124][628,123][629,123][630,123][631,122][632,122][632,121][633,121][634,121][635,120][636,120][638,120][639,120]
pt
[567,400][568,400][568,401][568,402][569,402][569,403][569,404][569,405][570,405][570,406][570,407][570,408][570,409][570,410][570,411][570,412][570,413][570,414][569,414][569,415][569,416][569,417][568,417][568,418][567,418][567,419][567,420][567,421][567,422][567,423][567,424][566,425][566,426][566,427][566,428][566,429][566,430][566,431][566,432][566,433][566,434][566,435][566,436][566,437][566,438][566,439][566,440][566,441][566,442][566,443][566,444][566,445][566,446][567,446][567,447][568,448][569,449][570,449][571,450][572,450][573,450][573,451][574,451][575,451][576,451][577,452][578,453][579,453][580,453][580,454][581,455][582,455][583,456][585,457][585,458][586,458][587,458][588,458][589,459][591,459][593,460][597,460][598,461][599,461][600,461][601,461][601,460][601,459][602,459][603,458][603,457][604,457][604,456][605,456][605,455][606,455][606,454][606,453][607,453][607,452][608,452][608,451][608,450][609,450][610,449][610,448][611,448][611,447][611,446][612,446][612,445][613,445][613,444][613,443][613,442][614,442][614,441][614,440][614,439][615,438][615,437][615,436][615,435][616,435][616,434][617,433][617,432][617,431][618,431][618,430][618,429][618,428][619,428][619,427][619,426][619,425][620,425][620,424][620,423][620,422][620,421][620,420][620,419][620,418][620,417][620,416][620,415][620,414][620,412][620,411][620,409][619,409][619,408][619,407][618,407][618,406][618,405][618,404][617,404][617,403][616,403][616,402][615,401][613,401][612,401][612,400][611,400][610,400][609,400][608,400][607,400][606,400][605,399][604,399][601,398][599,398][598,398][596,398][595,398][594,398][593,398][592,398][591,398][589,398][587,398][586,398][585,398][584,398][583,398][582,398][581,398][580,398][579,398][578,398][577,398][576,398][576,399][574,399][573,399][572,399][571,399][570,399][569,399][569,400][569,401]
pt
[310,428][309,428][308,428][307,428][307,429][307,430][307,431]
pt
[103,472][104,472][105,472][105,473][106,473][106,474][107,474][107,475][107,476][107,477][107,478][108,478][109,478][110,478][111,478][112,478][113,478][114,478][115,478][116,478][117,478][118,478][119,478][120,478][121,478][122,477][123,477][123,476][124,476][125,476][125,475][126,475][127,475][128,474][128,473][129,473][130,473][131,473][131,472][132,472][133,472][133,471][134,471][135,471][136,471][137,471][138,470][139,470][139,469][140,469][141,469][141,468][142,468][143,468][144,468][145,468][146,467][147,467][147,466][148,466][149,466][150,466][150,465][151,465][152,465][152,464][153,464][154,464][154,463][155,463][156,463][156,462][157,462][158,462][159,462][159,461][160,461][161,461][162,461][163,461][164,461][164,460][164,459][164,458][164,457][163,457][162,457][161,457][161,456][160,456][159,456][158,456][157,456][157,455][156,455][155,455][154,455][153,455][153,454][152,454][152,453][151,453][150,453][148,453][146,453][145,453][144,453][143,453][142,453][141,453][140,453][139,453][138,453][137,453][136,453][135,453][134,453][133,453][133,454][132,454][131,454][130,454][129,454][129,455][128,455][127,456][126,456][125,456][124,457][123,457][123,458][122,458][122,459][121,459][120,459][120,460][119,460][119,461][118,461][117,461][117,462][116,462][116,463][115,463][114,463][114,464][113,464][112,464][112,465][111,465][110,465][110,466][109,466][109,467][108,467][107,467][107,468][106,468][105,468][105,469][105,470]
pt
[221,437][222,437][223,438][223,439][224,439][224,440][225,440][225,441][226,441][226,442][227,442][227,443][228,443][229,443][230,443][231,443][232,443][233,443][234,443][235,443][236,443][237,443][238,443][239,443][240,443][240,442][241,442][241,441][242,441][242,440][243,439][243,438][244,438][245,438][245,437][246,437][247,436][248,436][249,436][249,435][250,435][250,434][251,434][252,434][253,434][254,433][255,433][256,433][257,433][258,433][259,433][260,433][260,432][261,432][262,432][263,432][263,431][264,431][265,431][266,431][266,430][267,430][268,430][269,429][270,429][271,429][271,428][272,428][272,427][273,427][274,427][275,427][276,427][276,426][277,426][278,426][279,426][280,426][280,425][281,425][282,425][283,425][284,425][284,424][285,424][286,424][287,423][288,423][289,423][289,422][290,422][291,422][292,421][293,421][294,420][295,420][295,419][296,419][296,418][297,418][297,417][298,417][299,417][299,416][300,416][300,415][301,415][301,414][302,414][302,413][303,413][304,413][305,413][306,413][307,413][308,413][309,413][309,414][309,415][310,415][310,416][311,416][311,417][311,418][311,419][311,420][311,421][312,422][312,423][312,424][312,425][312,426][312,427][312,428][345,446][344,446][344,445][343,445][343,444][343,443][343,442][341,439][341,436][341,435][341,434][341,433][340,432][340,431][340,429][340,428][340,426][340,425][339,423][339,422][338,422][338,421][338,420][338,419][337,419][337,418][336,417][335,416][335,415][334,415][334,414][333,414][333,413][332,412][331,411][330,410][330,409][330,408][329,408][329,407][329,406][328,406][328,405][328,404][328,403][329,403][329,402][329,401][329,400][329,398][329,397][329,396][329,395][329,393][329,392][329,391][328,391][328,390][328,389][328,388][327,387][327,385][326,384][326,383][325,382][326,382][327,382][328,382][329,382][330,382][331,382][332,383][333,383][334,384][336,385][337,385][338,385][340,385][342,385][345,385][348,385][349,385][350,385][351,385][353,385][355,385][356,385][358,385][360,385][361,385][362,385][363,384][364,384][364,383][365,383][366,383][367,383][368,383][369,382][370,382][371,382][372,381][373,381][373,380][374,380][375,380][376,380][376,379][377,379][378,378][379,378][380,378][380,377][382,376][383,375][384,375][384,374][385,373][386,373][386,372][387,372][387,371][388,371][388,370][389,369][390,368][391,367][391,366][392,366][392,365][393,365][393,364][393,363][393,362][393,361][392,359][391,359][391,357][389,356][388,355][388,354][387,353][387,352][225,432][226,432][227,432][228,432][230,432][231,432][235,432][237,432][239,432][241,432][242,432][243,432][242,432][241,432][240,432][239,432][238,432][234,432][233,432][232,432][231,432][230,432][229,432][228,432][227,432][226,432][225,432][224,432][223,432]
