7
pt
[2,64][60,0]
pt
[0,18][1,18][1,17][2,16][3,15][4,14][5,13][5,12][6,12][6,11][7,10][8,9][9,8][10,7][11,7][11,6][13,5][13,4][15,4][15,3][16,3][17,3][17,2][17,1][18,1][19,0][20,0]
pt
[241,31][240,31][239,32][239,33][238,33][238,34][237,34][236,34][236,35][235,36][234,36][233,37][232,37][232,38][231,38][231,39][231,40][230,40][229,40][229,41][228,41][228,42][228,43][227,43][226,44][225,44][225,45][224,45][224,46][223,46][222,46][222,47][221,47][221,48][220,48][220,49][219,49][218,49][218,50][217,50][217,51][216,51][215,52][215,53][214,53][214,54][213,54][211,55][209,56][208,57][207,57][206,58][205,58][204,58][204,59][203,60][202,60][201,60][201,61][200,62][200,63][199,63][199,64][198,64][197,65][197,66][196,66][196,67][195,67][195,68][194,68][194,69][194,70][193,70][193,72][192,72][191,72][191,73][190,74][189,75][189,76][188,76][187,77][186,78][186,79][185,79][185,80][184,80][184,81][183,81][182,82][182,83][181,83][180,84][179,85][179,86][178,86][177,87][176,88][175,88][175,89][174,90][172,91][172,92][171,93][171,94][170,94][170,95][170,96][169,96][169,97][169,98][168,98][168,99][166,100][166,101][165,102][164,103][163,104][163,105][162,105][162,106][161,107][161,108][160,108][159,109][159,110][158,111][157,112][155,113][154,114][152,116][151,117][150,118][149,119][148,120][147,120][147,121][146,122][145,122][145,123][145,124][144,124][144,125][144,126][143,127][142,127][142,128][142,129][141,129][141,130][140,130][140,131][140,132][139,132][139,133][138,133][138,134][137,134][137,135][136,136][135,138][134,138][134,139][133,139][132,140][132,141][131,141][131,142][130,143][130,144][129,145][128,145][128,146][127,146][127,147][126,147][126,148][125,148][125,149][124,150][124,151][123,152][122,153][122,154][121,155][121,156][121,157][120,157][120,158][119,158][119,159][119,160][118,161][118,162][117,162][117,164][116,164][116,165][115,165][115,166][115,167][114,168][114,169][113,170][112,171][112,172][112,173][112,174][112,175][112,176][111,177][111,178][111,179][111,181][110,181][110,182][110,183][110,184][109,185][109,186][109,187][109,188][109,189][109,190][109,191][109,192][109,193][109,194][109,195][109,196][109,197][109,198][109,199][109,200][108,200][108,201][108,202][107,202][107,203][107,204][107,205][106,205][106,206][106,207][105,207][105,208][105,209][105,210][105,211][105,212][104,213][104,214][105,214][106,214][107,213][107,212][108,212][109,212][109,211][110,211][111,210][112,210][112,209][113,208][114,207][114,206][115,205][116,205][116,204][117,204][117,203][117,202][118,202][119,201][119,200][120,200][120,199][121,199][121,198][122,198][123,198][123,197][124,197][124,196][125,195][126,195][126,194][127,194][128,193][130,192][131,192][133,191][134,190][135,190][135,189][136,189][136,188][137,187][138,187][138,186][138,185][139,185][139,184][139,183][139,182][140,181][140,180][140,179][141,179][141,178][142,178][142,177][142,176][143,176][143,175][144,174][144,173][145,173][145,172][145,171][146,171][146,170][147,170][147,169][147,168][148,168][149,168][150,168][151,168][151,167][152,167][152,166][153,166][153,165][154,165][155,164][156,164][156,163][156,162][157,162][157,161][157,160][158,160][158,159][159,159][159,158][159,157][159,156][159,155][159,154][160,153][160,152][160,151][160,150][161,150][161,149][161,148][161,147][162,147][162,146][163,146][163,145][163,144][164,143][164,142][165,142][166,141][174,135][174,134][175,133][176,133][176,132][176,131][177,131][178,130][178,129][179,129][181,127][181,126][182,126][183,124][184,123][184,122][185,121][186,119][187,118][187,117][187,116][188,116][188,115][189,115][190,114][190,113][190,112][191,111][191,110][192,110][192,109][193,109][193,108][194,107][194,106][195,105][196,105][196,104][196,103][197,101][199,100][200,99][200,98][201,97][202,96][203,95][204,94][204,93][205,93][206,92][208,91][209,90][210,89][211,89][211,87][212,87][213,86][214,86][215,84][216,84][217,83][218,83][220,81][222,79][223,78][225,77][228,74][229,73][230,73][231,72][233,71][233,70][235,69][235,68][236,67][237,67][238,66][239,65][240,64][242,62][243,60][244,59][245,58][246,57][247,57][247,56][247,55][248,55][249,54][249,53][250,52][251,52][252,51][253,49][254,49][254,48][255,48][256,47][256,46][257,46][257,45][258,45][258,44][259,43][260,43][260,42][261,42][262,41][263,40][264,39][265,38][266,37][267,36][267,35][268,35][269,34][270,33][271,32][272,32][273,31][273,30][275,29][275,28][276,28][277,28][278,27][278,26][280,25][281,24][282,24][283,23][284,22][285,20][286,20][286,19][286,18][287,17][287,16][287,15][287,14][287,13][287,12][288,12][288,11][289,10][290,9][290,8][291,8][292,7][293,7][293,5][294,5][295,4][296,3][297,3][297,2][298,2][300,0][301,0]
pt
[241,28][242,26][242,25][243,24][243,23][243,22][243,21][244,20][244,19][245,18][245,17][245,16][246,16][246,15][247,15][247,14][247,13][248,12][248,11][248,10][248,9][248,8][249,8][249,7][249,6][250,6][251,5][251,4][252,4][252,3][253,3][254,3][255,2][257,1][260,0]
pt
[241,26][241,27][241,28][241,29][241,30][241,31][241,32][241,33]
pt
[503,256][502,256][501,256][500,256][499,256][498,256][497,257][496,258][495,258][494,258][494,259][493,259][493,260][492,260][492,261][491,261][490,261][490,262][489,262][489,263][488,264][487,265][486,265][486,266][485,267][485,268][484,269][483,269][483,270][483,271][482,271][482,272][482,273][481,273][481,274][481,275][480,275][480,276][479,276][479,278][478,279][478,280][477,281][476,282][476,283][474,283][474,285][473,286][472,287][471,287][471,288][471,289][470,289][470,290][469,291][469,292][468,292][468,293][467,294][467,295][467,296][466,296][466,297][465,297][465,298][464,299][463,300][462,300][462,302][461,303][461,304][460,304][460,305][460,306][459,307][458,308][458,309][458,310][458,311][458,312][458,313][457,315][457,316][457,317][457,318][457,319][457,320][456,320][456,321][456,322][456,323][456,324][456,325][455,326][455,327][455,328][455,329][455,330][454,331][454,332][454,333][454,334][454,335][454,336][454,337][454,338][455,338][456,338][457,338][458,338][459,338][460,338][461,338][462,338][463,338][464,338][465,338][466,338][467,338][467,337][467,336][468,336][468,335][468,334][468,333][469,333][470,332][470,331][470,330][470,329][471,328][471,327][472,327][472,326][473,325][473,324][474,323][474,322][475,321][476,320][476,319][477,319][477,318][478,318][478,317][478,316][480,316][480,315][480,314][481,313][482,313][482,312][483,311][483,310][484,309][485,308][485,307][486,305][487,305][488,304][488,303][489,302][489,301][489,300][490,299][490,298][490,297][491,296][491,295][492,294][492,293][492,292][493,291][493,290][494,289][494,288][495,287][495,286][496,285][497,283][497,281][498,281][498,280][499,279][499,278][499,277][500,275][501,273][501,272][502,272][502,271][502,270][502,269][503,269][503,268][503,267][503,266][503,265][504,264][504,263][505,262][505,261][505,260][505,259][505,258][505,257][504,257][504,256][503,256][503,255][502,255][501,255][500,254]
pt
[198,410][197,410][197,411][196,411][195,412][194,412][194,413][193,413][193,414][192,415][191,415][191,416][191,417][191,418][191,419][191,420][190,420][190,421][190,422][189,422][189,423][188,423][188,424][188,425][187,425][187,426][186,426][186,427][185,427][184,428][184,429][183,430][182,431][181,432][181,433][180,433][180,434][180,435][180,436][180,437][180,438][180,439][180,440][180,441][181,441][182,441][182,442][183,443][183,444][184,444][185,444][185,445][185,446][186,446][187,446][187,447][188,447][189,447][190,447][190,446][191,446][192,445][193,445][193,444][194,444][194,443][194,442][195,442][196,441][197,439][198,438][198,437][199,436][200,435][200,434][201,434][201,433][201,432][201,431][201,430][201,429][201,428][201,427][201,426][201,425][201,424][202,424][202,423][202,422][202,421][202,420][202,419][202,418][202,417][202,416][202,415][202,414][202,413][202,412][202,411][201,411][201,410][200,410][199,410][199,409][198,409][197,409][196,409][195,409][194,409][194,408][193,408][192,408]
