8
cr
[399,64][411,45][422,53][423,67]
cr
[391,134][393,159][362,168][359,168][358,167][374,149][385,139][363,117][363,117][362,117][361,116][360,115][359,115][357,115][357,114][356,114]
cr
[372,99][407,121][421,112][434,105][418,98][392,71]
pt
[278,203]
cr
[280,205][302,215][310,213][304,197][290,190]
cr
[311,221][322,236][337,240][344,238][345,228]
pt
[456,85][456,86][455,87][454,87][454,88][454,89][453,89][453,90][452,91][452,92][451,93][450,93][450,94][449,95][448,97][448,99][446,100][446,101][445,103][444,104][443,106][442,107][441,109][440,111][439,113][437,115][436,117][434,119][433,121][432,123][431,124][430,125][429,127][427,128][427,129][426,130][426,131][425,132][424,133][423,133][422,135][421,136][420,137][419,138][419,139][418,140][417,141][416,143][415,143][414,145][414,146][413,147][412,148][412,150][411,151][410,153][410,154][409,156][408,158][408,159][407,161][406,163][405,165][405,166][405,168][404,170][404,171][403,173][403,174][402,176][401,178][401,179][401,180][400,183][399,184][398,185][398,187][396,189][396,190][395,193][394,193][393,195][392,197][391,198][390,200][388,202][388,203][386,206][386,207][385,207][384,208][384,210][383,211][381,213][381,214][380,215][380,216][378,217][377,219][376,221][375,222][375,224][373,225][372,227][371,230][369,232][369,234][367,236][366,237][365,239][364,241][363,243][362,244][361,247][360,248][359,249][358,251][358,253][356,255][355,256][354,258][353,260][352,262][350,264][349,268][347,270][346,271][345,274][344,275][343,276][342,279][340,280][339,283][337,286][336,289][334,292][331,297][328,301][327,304][324,308][322,310][321,313][319,316][318,319][316,322][314,324][314,326][312,329][311,330][311,333][309,335][307,338][306,342][305,344][304,346][302,350][300,353][299,356][298,357][296,360][296,362][294,364][293,366][293,367][292,369][290,372][290,374][288,376][287,379][286,382][284,385][282,390][280,394][279,397][277,401][276,402][276,404][275,407][274,408][273,410][272,412][271,413][271,415][268,418][267,421][265,424][264,427][262,431][260,432][259,435][258,438][257,439][257,440][255,442][254,443][254,445][252,448][251,450][249,451][249,453][247,455][247,456][245,459][244,461][243,463][242,464][241,466][240,467][239,468][238,470][237,470][237,471][237,472][236,472][236,473][235,473][235,474][235,475][235,476][234,477][233,477][233,479]
pt
[395,41][394,42][392,43][391,44][390,46][388,47][387,48][386,49][385,50][385,51][384,51][384,52][383,53][382,53][382,54][380,57][379,57][379,59][377,60][377,61][375,62][375,63][374,63][373,64][373,65][372,66][371,67][369,68][369,70][367,71][366,72][364,73][363,75][362,76][361,78][359,78][359,80][357,81][355,83][353,85][352,87][350,89][348,90][347,92][345,94][344,96][342,97][342,98][341,99][340,100][339,101][339,102][338,103][337,105][336,106][334,108][333,109][331,111][331,113][329,114][329,116][328,117][326,119][325,120][324,122][324,123][323,125][322,128][321,131][320,133][318,136][318,137][317,139][316,141][315,143][315,144][315,145][314,147][313,148][313,150][312,151][311,152][310,154][310,155][309,157][308,159][308,160][307,162][306,163][305,165][304,166][303,168][303,170][302,171][300,172][300,175][299,176][298,178][297,179][295,180][294,183][292,184][291,187][290,188][288,190][287,192][286,193][284,195][283,197][282,198][281,200][280,202][278,203][278,204][277,206][276,207][275,209][274,210][273,212][272,213][271,215][271,216][270,217][269,218][269,220][268,221][267,222][267,224][266,226][265,227][264,229][264,231][264,232][263,234][262,236][261,239][260,241][259,243][258,245][257,247][256,249][255,251][254,253][253,254][252,256][251,259][250,260][248,262][247,264][246,265][245,267][244,268][243,270][242,271][241,272][240,275][239,276][238,278][237,279][236,280][235,281][234,283][233,284][232,286][231,287][230,288][229,289][229,290][228,292][226,293][225,295][223,296][223,298][221,300][220,302][219,303][217,306][216,308][215,309][214,311][212,313][211,315][209,316][208,318][207,320][206,322][203,325][202,327][200,329][199,331][196,334][195,336][193,339][192,341][190,344][188,346][187,349][185,351][184,353][182,356][181,358][179,360][178,363][177,365][176,368][175,370][172,375][169,378][168,382][165,386][163,390][161,393][160,397][158,398][157,399][157,401][156,402][155,404][155,405][154,407][152,410][151,412][150,415][149,416][148,419][146,421][146,422][145,423][144,424][144,425][143,427][142,429][141,430][141,431][139,433][138,435][137,437][136,438][134,440][134,441][132,443][131,445][130,446][129,447][128,449][127,450][127,452][125,453][125,454][124,456][123,457][122,458][121,460][119,461][119,464][117,466][116,467][115,470][114,471][113,473][113,475][112,476][112,477][112,478][111,478][111,479]
