9
pt
[222,478][221,478][217,460][209,446][200,429][193,421][185,408][180,393][179,388][170,381][166,372][157,358][155,351][148,346][148,338][142,326][133,313][131,299][123,288][115,277][114,267][112,260][111,248][100,235][96,226][99,216][109,210][116,208][120,213][127,214][132,214][135,219][136,223][139,226][140,230][142,236][142,243][145,246][149,251][152,257][154,265][152,271][155,273][158,273][160,272][161,273][162,280][163,288][169,292][174,295][179,299][181,307][183,314][184,315][182,319][182,324][187,326][189,325][193,330][194,338][195,338][200,343][204,347][213,356][217,362][223,370][230,379][230,388][230,392][233,398][240,404][244,406][246,404][247,402][248,410][248,417][252,422][253,422][260,430][256,439][262,446][264,446][267,442][270,448][270,450][271,454][277,456][280,463][283,471][285,476][289,479]
pt
[110,264][100,250][97,237][95,228][86,224][86,209][77,206][78,206][74,197][74,196][70,193][72,187][64,173][60,157][54,143][46,132][36,121][35,121][28,105][22,98][16,94][16,88][12,77][10,61][12,57][4,49][3,42][0,43][0,0][11,2][15,10][15,9][13,14][20,27][20,26][21,26][31,36][41,36][42,38][42,45][38,54][39,54][41,66][42,66][45,79][50,80][58,89][59,89][59,88][69,104][70,104][70,105][86,125][87,125][97,144][104,161][105,161][116,171][117,171][120,188][121,188][125,198][126,198][127,209][128,209][131,212][132,212]
pt
[364,478][347,445][341,436][332,425][325,409][325,401][325,400][325,399][319,386][318,369][308,361][306,347][309,339][309,338][299,325][301,312][303,302][311,303][324,320][335,326][343,338][344,338][355,360][370,375][381,394][382,394][391,407][392,407][402,426][403,426][404,426][404,427][411,440][412,441][421,457][422,457][422,458][430,476][431,476][431,477][432,479]
pt
[466,478][460,464][448,447][433,423][427,407][415,393][408,377][407,365][399,351][390,347][390,338][381,325][370,309][362,302][351,281][344,263][342,258][333,250][322,239][317,233][313,220][313,219][313,205][313,196][302,188][294,175][294,174][293,174][280,159][266,149][256,136][251,123][239,112][239,111][232,99][223,88][210,77][200,70][193,67][189,70][191,81][190,87][185,87][192,99][194,105][195,105][201,120][202,120][208,132][209,132][210,132][220,143][212,142][214,153][220,158][229,160][230,166][222,171][214,174][209,171][200,158][192,143][181,125][169,103][162,96][151,85][147,75][147,61][137,52][134,43][123,34][116,17][112,14][105,14][100,7][103,2][103,2][103,2][103,0]
pt
[242,2][244,11][254,25][255,25][242,2][260,27][264,32][265,32][269,42][270,42][277,51][278,51][282,64][282,63][283,63][291,73][292,73][295,85][296,85][300,95][301,95][306,109][307,109][311,115][312,115][316,114][315,110][318,124][322,134][325,140][332,148][339,154][343,163][344,164][353,176][357,185][358,186][364,192][365,202][370,209][371,209][376,215][377,215][378,215][387,221][398,226][395,238][395,257][408,262][413,265][419,278][420,284][434,280][436,288][429,295][429,304][440,311][444,321][446,328][450,335][458,347][465,358][474,373][482,386][478,391][484,402][485,402][486,402][489,410][490,410][498,401][506,403][506,409][505,409][498,414][493,424][493,425][495,436][507,441][508,442][515,452][516,452][517,452][522,455][524,458][525,458][525,468][532,469][532,470][538,474][538,478][539,478][539,478]
pt
[581,478][577,470][572,458][571,457][570,456][570,455][564,444][561,433][551,420][556,416][556,406][549,399][548,398][547,398][547,397][544,392][541,384][533,380][526,371][525,371][525,370][524,369][517,359][513,355][517,350][517,349][511,344][510,344][510,343][507,331][511,322][502,316][498,307][486,289][476,279][468,273][457,269][456,260][457,260][458,260][469,258][467,247][463,240][457,236][455,218][447,212][440,206][440,205][429,194][431,183][422,174][410,169][406,161][401,155][397,161][392,162][391,161][391,160][389,151][384,142][383,142][377,137][374,128][376,122][376,114][375,114][364,110][361,111][355,104][353,99][352,99][348,100][344,102][344,104][343,103][339,96][337,86][331,79][333,71][335,67][326,61][321,53][320,53][320,52][320,51][319,50][319,49][319,48][318,48][315,41][307,32][303,24][297,16][297,15][296,15][295,14][289,6][286,1]
pt
[639,312][632,299][631,299][631,298][619,286][619,285][606,271][600,256][589,245][576,231][575,230][575,229][570,216][562,203][562,202][561,202][561,201][549,191][539,187][535,173][533,162][525,152][521,159][514,160][514,159][513,159][513,158][507,150][499,139][499,138][498,137][498,136][497,136][497,134][493,122][488,110][479,103][479,102][480,90][476,81][464,78][457,69][449,61][438,51][437,51][438,40][430,33][429,26][435,20][449,23][453,13][446,5][437,1]
pt
[639,138][639,137][631,128][630,128][629,128][629,127][624,115][624,114][624,113][624,112][614,107][614,98][607,92][606,92][596,82][583,79][583,78][583,77][582,76][581,70][582,70][582,69][586,61][578,52][569,45][562,36][554,25][554,18][553,8][544,2]
pt
[637,77][630,70][623,63][621,52][620,52][614,45][614,44][613,44][613,43][612,42][605,33][594,25][597,15][582,7][577,2][575,0]
