10
pt
[1,347][15,364][24,380][28,399][38,405][39,413][45,424][50,432][53,442][57,450][64,451][66,459][67,459][67,460][67,461][68,464][69,464][72,469][78,476][79,478][77,477][78,477][78,478][79,478][79,479]
pt
[72,464][72,455][75,451][82,449][89,445][94,446][102,452][109,456][114,462][118,469][121,475][120,478][120,479]
pt
[107,450][98,442][98,441][94,424][89,406][79,396][68,379][65,367][58,353][46,351][46,350][45,349][45,348][44,348][38,337][30,329][16,323][10,312][9,304][11,298][4,288][1,286][2,284]
pt
[0,68][11,102][21,115][21,116][30,131][37,144][38,144][48,161][54,179][60,190][61,190][69,208][77,232][77,233][83,253][89,252][94,265][99,278][107,284][110,293][118,302][125,310][120,319][126,326][133,326][133,332][137,340][143,346][147,344][151,350][156,360][161,377][174,396][184,413][183,413][185,427][192,439][199,449][199,450][206,466][212,474][217,476][218,476][218,478][219,478]
pt
[68,1][80,12][89,28][96,48][109,73][119,88][129,115][130,115][140,121][151,139][170,158][171,158][179,169][184,176][187,200][199,220][216,235][223,250][229,261][238,280][238,281][239,281][252,299][262,315][268,333][269,333][284,353][293,357][293,367][292,367][297,377][298,377][298,378][302,392][302,393][312,405][319,412][319,413][325,414][326,414][339,433][338,443][339,443][348,445][351,443][357,456][359,460][368,471][368,472][369,473][375,477]
pt
[118,0][130,19][130,20][150,49][150,50][163,74][173,101][190,122][198,139][221,164][232,189][249,217][260,236][261,237][278,260][279,260][298,296][304,310][313,330][324,348][333,345][339,355][346,359][352,365][348,376][352,389][353,389][363,391][374,406][383,409][390,413][400,428][406,445][407,445][417,447][418,447][419,448][425,459][426,459][428,470][429,478][429,479]
pt
[352,0][365,26][378,42][379,42][393,46][407,62][421,76][422,76][440,97][439,109][453,130][460,144][461,144][462,144][462,145][462,146][463,147][463,133][467,133][468,133][480,142][491,157][500,173][517,195][537,220][538,220][539,220][540,221][554,233][554,234][555,234][555,235][570,255][587,279][595,281][597,287][597,298][611,307][612,308][618,317][620,328][628,340][638,346]
pt
[325,1][339,16][354,40][378,67][382,80][396,92][406,113][422,129][433,132][434,132][441,150][456,171][457,171][476,192][490,204][502,218][517,236][533,254][541,273][553,285][558,297][567,305][564,318][565,318][574,328][574,329][581,335][585,346][590,354][587,365][596,368][597,368][605,377][605,378][606,389][620,391][612,372][622,373][623,373][628,385][628,386][628,387][628,388][631,388][636,392]
pt
[226,1][234,15][234,16][245,16][254,22][263,33][260,40][259,40][252,37][255,49][264,52][265,52][272,65][285,77][293,75][297,72][303,74][305,84][301,95][302,95][310,100][314,107][315,107][316,107][317,107][328,108][327,115][328,115][330,124][336,127][343,133][349,142][358,154][366,159][367,159][369,168][370,168][380,182][391,199][396,220][397,220][398,220][404,225][430,243][427,260][437,267][429,273][441,269][444,274][445,274][460,287][469,301][470,317][468,317][482,320][491,328][491,329][479,332][485,351][500,366][488,382][489,383][490,384][499,397][499,398][520,421][520,422][521,423][542,450][543,450][558,473][559,473][559,474][561,478][562,478]
cr
[214,419][222,429][234,428][234,427][235,426][236,426][243,421][244,421][253,433][253,434][270,447][279,459][292,451][291,451][288,441][271,418][253,406][237,389][231,368][213,353][205,335][204,334][191,320][190,320][175,315][168,321][163,332][163,333][163,334][164,334][164,335][164,336][176,359][186,377][187,377]
