7
cr
[24,431][48,401][59,413][60,425][46,437][38,452][19,444]
cr
[249,94][250,113][249,126][251,136][251,155][234,171][232,183][225,190][223,201][233,207][247,185][264,185][279,175][294,169][300,158][311,159][319,153][288,137][273,128][262,124]
cr
[431,178][462,188][488,190][487,190][518,192][529,189][528,189][532,180][553,173][569,172][570,172][581,178][589,193][585,213][582,216][571,241][559,272][561,295][556,324][539,345][530,357][530,358][516,366][505,371][501,386][498,393][498,405][484,406][473,407][461,393][454,372][444,353][438,332][429,315][420,301][415,283][410,270][408,254][428,242][432,215][428,217][425,224]
pt
[368,1][376,22][374,41][361,56][368,72][361,75][357,76][362,84][358,90][364,97][370,97][374,118][375,129][376,139][381,149][371,163][355,179][351,184][353,191][352,202][350,212][353,221][368,248][371,261][372,261][377,270][378,283][380,289][379,298][377,301][384,306][385,306][388,311][392,320][394,330][391,339][391,351][395,358][396,365][400,368][406,367][413,370][418,377][422,388][422,399][428,398][429,414][427,423][429,429][426,436][426,437][426,444][437,450][442,459][440,469][441,469][434,459][427,456][420,456][419,465][424,472][424,477][425,477]
pt
[568,1][566,17][571,32][581,45][581,67][582,77][597,78][599,93][600,93][607,114][614,129][615,129][615,130][626,149][627,161][627,162][635,165][638,166][636,166]
cr
[315,143][335,128][359,135][364,146][350,158][339,164][325,155]
pt
[450,479][468,469][475,461][493,448][507,437][508,437][516,431][517,426][504,412][505,407][505,406][505,405][505,404][509,393][525,381][575,352][596,345][608,339][626,334][627,334][635,335][638,337][633,335][634,336][635,336][636,336][637,337][638,337][639,337][639,338]
