7
cr
[1,133][18,156][27,159][31,173][38,173][39,173][40,187][41,187][50,197][55,209][56,208][54,193][57,204][49,179][37,163][38,163][33,150][23,139][21,125][21,124][21,123][20,122][15,110][13,95][3,87][3,83][2,83][1,83][7,83][3,84][0,83]
cr
[58,238][57,249][57,248][63,257][72,264][73,264][76,258][77,258][77,257][73,248][84,249][92,260][96,273][92,283][84,285][85,285][87,292][75,296][69,281][64,279][58,264][52,251][51,246]
cr
[127,1][138,16][139,28][144,43][157,63][161,82][172,93][173,102][172,108][178,113][182,126][188,134][193,145][194,145][202,153][204,164][209,175][215,185][224,197][230,207][238,224][238,234][239,234][241,253][243,266][250,272][250,271][251,271][255,278][258,290][265,299][266,299][270,309][271,309][278,324][282,335][286,342][293,355][299,365][302,374][303,374][307,388][318,400][319,400][319,399][320,399][324,407][331,418][337,435][346,450][354,462][361,474][362,474][363,478][454,478][445,462][440,452][426,426][420,414][419,410][409,402][403,403][401,385][399,373][388,368][380,352][367,331][360,317][343,289][322,251][317,253][309,241][299,224][286,211][279,211][275,200][280,192][273,185][268,174][267,165][263,168][256,159][251,139][242,124][236,115][217,93][215,85][205,67][197,56][187,39][179,31][179,24][169,6][169,5][172,1]
cr
[272,10][273,10][262,0][283,0][289,7][304,7][305,7][312,14][316,27][320,40][314,48][304,45][299,32][299,31][283,21]
cr
[322,60][326,96][332,116][333,116][332,133][342,143][343,143][344,143][346,163][347,163][348,162][355,175][361,196][371,211][373,225][382,236][383,243][397,260][411,282][426,290][437,307][443,324][460,344][477,362][493,370][494,375][498,386][499,386][508,394][509,394][508,402][516,410][528,417][529,417][532,432][537,452][538,452][547,472][550,479][608,478][608,477][540,372][520,341][499,310][474,268][434,208][423,185][407,161][399,143][369,106][363,90][339,68]
cr
[339,0][358,34][375,64][388,84][389,84][407,110][408,110][422,134][438,153][441,165][452,183][453,183][453,184][469,207][482,235][503,264][507,286][509,305][524,322][539,340][547,354][547,355][559,376][559,377][569,391][582,403][596,417][597,417][597,416][608,420][604,435][605,435][619,434][623,443][630,454][638,465][638,387][597,319][587,299][569,263][556,248][561,248][544,231][532,215][526,198][522,179][510,173][506,159][495,135][479,105][476,91][457,72][448,61][448,51][437,35][422,21][424,8][424,1]
cr
[484,2][492,18][493,31][501,55][501,54][502,54][508,64][509,64][518,79][530,89][531,89][537,91][537,92][535,107][536,121][546,133][547,133][558,136][562,153][563,153][576,158][576,167][577,167][584,192][590,214][603,232][614,250][628,264][629,264][637,274][638,274][638,36][604,3]
