7
pt
[1,398][5,411][12,424][12,429][13,429][18,439][23,450][26,457][25,461][28,465][30,473][32,478]
pt
[1,206][15,228][16,228][14,240][15,240][21,249][22,249][26,273][27,273][38,295][39,295][40,296][51,314][52,314][52,315][54,329][59,338][58,344][62,345][71,360][78,372][83,380][90,394][97,409][97,414][102,427][109,437][114,453][115,453][118,466][119,479][120,479]
pt
[99,406][96,395][99,374][96,347][91,341][89,338][82,340][76,338][82,332][70,321][69,315][71,308][75,304][74,292][73,292][60,284][49,287][48,298][53,310][52,310][51,313]
pt
[1,48][31,101][50,127][59,145][65,162][66,162][76,180][81,192][90,201][96,214][104,227][105,227][108,228][109,228][120,249][126,262][135,272][139,282][140,282][148,278][150,286][149,301][155,309][163,318][167,333][175,341][176,341][182,354][189,365][196,375][196,376][201,387][210,403][211,403][219,407][220,407][220,406][224,419][225,419][226,436][234,443][237,437][245,444][246,460][254,466][253,466][254,476][255,476][258,479][258,479]
pt
[29,2][46,24][46,36][55,46][70,48][66,66][71,80][81,91][86,101][99,117][111,136][112,136][122,160][131,174][132,174][150,206][160,236][180,270][193,290][203,317][213,332][223,350][239,371][245,385][258,400][269,415][269,416][269,417][267,423][275,432][283,443][292,452][293,452][288,458][295,463][304,471][302,478][303,478]
pt
[86,0][95,13][105,25][112,36][113,36][120,53][121,53][121,52][122,52][128,64][135,52][144,62][145,62][151,81][160,80][161,80][172,91][173,91][181,100][182,119][202,127][212,148][219,163][227,183][228,183][245,199][251,212][260,213][265,223][270,237][271,244][272,244][281,254][294,263][295,276][303,285][309,294][315,304][324,313][325,313][334,312][339,306][340,306][343,314][348,331][342,339][348,345][359,345][367,349][375,362][382,368][398,393][413,413][423,436][424,436][438,452][439,454][440,454][441,455][457,469][465,478]
pt
[533,459][542,477][525,446][513,434][505,424][494,414][486,404][477,387][477,386][477,385][471,371][471,370][470,369][459,361][445,353][431,331][420,314][414,302][420,294][403,280][389,262][379,247][366,230][350,218][360,213][361,217][372,218][387,235][396,238][399,246][400,253][410,261][412,275][419,283][433,286][449,300][461,305][464,321][474,328][477,341][478,349][479,349][480,349][490,362][500,368][501,368][510,380][515,379][516,379][517,389][518,389][519,389][528,398][529,398][534,403][535,403][535,404][539,420][549,428][554,426][553,438][553,439][558,447][559,447][565,460][577,468][577,469][586,475][592,479]
