9
pt
[4,148][2,147][3,147][4,147][5,147][21,147][29,147][43,129][43,127][44,127][59,118][60,118][65,108][60,95][55,86][51,77][50,77][26,81][35,69][37,60][37,52][31,47][24,27][20,15][20,14][11,8][25,4][38,7][39,17][37,20][49,26][59,24][67,17][70,11][71,5][71,2][71,2][71,2][71,2][71,2][71,2][71,2][71,2]
pt
[59,25][60,25][61,25][61,26][62,26][62,27][62,28][63,28][63,29][64,29][64,30][64,31][65,31][65,32][66,32][66,33][66,34][67,34][68,34][68,35][69,35][69,37][70,37][71,37][72,37][73,37][74,37][75,37][76,37][77,37][78,37][79,37][76,52][73,68][80,81][92,81][99,91][105,94][106,94][162,59][178,55][178,54][179,54][173,37][192,46][201,53][199,69][186,87][183,88][198,103][199,113][205,114][209,107][218,102][216,123][225,103][226,103][235,109][242,107][243,107][246,120][249,128][260,127][267,134][278,133][288,138][288,137][285,149][291,152][283,180][275,185][262,187][269,175][268,162][260,163][245,159][243,152][243,145][234,138][232,133][221,129][223,138][214,147][211,156][211,157][213,180][217,187][218,187][226,187][234,186][243,197][242,207][242,215][247,215][254,209][265,206][268,208][269,195][288,190][299,175][306,175][303,183][321,180][326,171][338,176][348,170][359,169][360,169][362,169][364,181][377,186][371,199][372,199][389,214][390,214][390,215][404,238][415,240][430,242][425,254][433,265][422,290][417,291][420,308][419,315][414,315][416,323][417,328][408,330][416,336][420,335][421,335][434,385][412,417][405,422][405,433][406,433][407,433][408,449][408,462][420,476][421,476][421,477][421,478][422,478][422,479][423,479]
pt
[210,1][210,2][210,3][210,4][210,5][210,6][210,7][210,8][210,9][209,9][209,10][209,11][208,11][208,12][207,12][207,13][207,14][206,14][206,15][206,16][206,17][205,17][205,18][205,19][205,21][204,21][204,22][204,23][203,23][203,24][203,25][202,25][202,26][202,27][201,27][201,28][201,29][201,30][200,30][200,31][200,32][200,33][199,33][199,34][199,35][199,36][199,37][198,37][198,38][198,39][197,39][197,40][197,41][197,42][196,42][196,43][196,44][195,44][195,45][195,46]
pt
[398,399][398,399][399,399][400,399][401,399][409,393][415,385][418,389][415,396][415,397][412,407][407,410][407,411][404,412][399,401]
pt
[311,348][311,347][312,347][313,347][314,347][314,346][315,346][316,346][325,345][338,344][339,344][346,346][349,338][340,334][334,334][331,332][314,341][307,334][302,339][303,348][308,355][303,366][303,367][305,396][290,413][288,420][280,431][280,432][280,433][281,443][287,446][292,441][292,440][298,429][301,426][321,427][341,411][350,411][356,397][365,397][372,396][374,390][373,390][365,386][334,375][325,366][316,367][315,359][312,348]
pt
[479,474][478,472][478,471][478,470][478,469][478,468][478,467][478,466][478,465][478,463][478,462][478,461][478,460][478,459][478,458][478,457][478,456][478,455][478,454][478,453][478,452][478,451][478,450][478,449][478,448][478,447][478,446][478,445][478,444][478,443][478,442][478,441][478,440][478,439][478,438][478,437][479,437][479,436][479,435][480,435][480,434][481,434][481,433][481,432][482,432][482,431][483,431][483,430][484,430][484,429][484,428][485,428][485,427][486,427][486,426][487,426][487,425][488,425][488,424][489,424][489,423][490,423][490,421][491,421][492,421][493,421][493,420][494,420][496,420][497,420][498,420][499,420][500,420][501,420][502,420][503,420][504,420][505,420][506,420][507,420][508,420][509,420][509,422][510,422][511,422][511,423][512,423][513,423][514,423][515,423][516,423][517,423][518,423][519,423][520,423][521,423][522,423][523,423][524,423][525,423][526,423][527,423][528,423][529,423][530,423][531,423][532,423][532,421][533,421][534,421][535,421][536,421][537,421][539,421][540,421][540,422][541,422][541,423][542,423][543,423][543,424][544,424][545,424][546,425][547,425][548,425][548,426][549,426][550,426][581,426][588,415][589,415][604,408][605,408][614,400][614,399][615,399][630,402][639,409]
pt
[477,472][477,473][477,474][477,475][478,475][478,476][478,477][478,478][478,479][479,479]
pt
[638,196][638,197][638,198][638,199][638,200][637,200][637,201][637,202][636,202][630,236][628,261][629,261][629,262][635,275][636,275][636,276][636,277][636,278][637,278]
pt
[370,384][371,384][371,383][372,383][372,382][373,382][373,381][374,381][374,380][375,380][376,380][376,379][377,379][378,378][379,378][379,377][380,377][380,376][381,376][383,376][383,375][384,375][384,374][385,374][386,374][386,373][387,373][387,372][388,372][389,372][389,371][390,371][391,371][391,370][392,370][393,370][394,370][395,370][396,370][397,370][398,370][399,370][400,370][401,370][402,370][403,370][404,370][405,370][406,370][406,371][407,371][408,371][408,372][409,372][410,372][411,372][412,372][412,373][413,373][414,373][414,374][415,374][416,374][416,375][417,375][417,376][418,376][419,376][419,377][416,382][394,401][384,398][371,385]
