6
pt
[638,153][637,153][637,154][636,154][636,155][635,155][634,155][634,156][633,156][633,157][632,157][632,158][631,158][631,159][630,159][630,160][608,203][608,204][605,228][593,288][593,289][595,308][594,375][580,437][574,473][574,474][574,475][573,475][573,477][573,478][573,479][572,479]
pt
[300,9][301,2][301,3][301,4][301,5][301,6][301,7][290,48][289,48][256,83][212,146][184,193][177,216][163,222][146,278][148,292][136,327][145,351][146,351][155,348][166,340][166,358][166,359][172,373][162,393][162,394][163,402][169,420][175,425][183,425][190,430][200,454][201,454][207,448][221,447][224,435][252,415][260,419][277,418][276,409][277,409][283,408][286,416][287,416][302,405][314,409][325,424][328,438][339,449][348,457][354,472][355,472][356,472][357,472][358,472][359,472][360,472][361,472][362,472][363,472][364,472][365,472][366,472][366,473][367,473][368,473][369,474][370,474][370,475][371,475][372,475][372,476][373,476][373,477][374,477][375,477][375,478][376,478][377,478][377,479][379,479][380,479]
pt
[174,343][174,344][174,345][174,346][174,347][173,347][172,366][173,366][173,367][183,376][184,376][197,382][200,401][201,401][212,406][218,408][222,424][223,427][224,427][235,420][235,419][244,395][243,380][226,373][213,367][200,370][198,360][192,353][192,352][192,346][187,348][176,342][174,344]
pt
[1,251][1,252][1,253][1,254][2,254][2,255][2,256][3,256][3,257][3,258][10,271][24,267][25,275][18,299][26,315][33,315][34,315][44,323][45,331][45,332][54,331][68,322][83,315][93,305][126,290][121,272][131,277][141,284][141,285][142,285][142,286][143,286][143,287][144,287][144,288][145,288][146,288][147,288][147,289]
pt
[1,248][2,248][3,248][4,248][4,247][5,247][5,246][6,246][6,245][7,245][8,245][8,244][17,208][9,198][5,179][5,178][19,179][26,176][27,176][27,175][42,139][42,138][43,138][34,133][19,123][21,110][35,98][36,98][36,97][34,72][40,55][39,44][28,43][28,14][25,3][24,3][24,2][23,2][23,1][22,1][21,1][20,1][20,0][19,0][18,0]
pt
[111,0][111,1][111,2][111,3][111,4][116,22][116,23][113,49][121,66][137,81][151,87][152,87][153,87][175,87][196,87][219,72][243,58][243,57][263,42][264,42][278,30][278,29][271,11][280,3][281,3][282,3][282,2][283,2][284,2][284,1][285,1]
