11
pt
[39,479][43,477][44,477][45,477][46,477][47,477][182,425][339,361][528,284][639,233]
pt
[66,477][67,479][68,479][68,478][69,478][70,478][70,477][71,477][72,477][72,476][213,420][524,295][491,316][491,317][491,321][526,300][537,308][527,317][517,311][515,320][505,332][491,336][492,336][492,342][541,322][559,363][552,370][557,380][560,377][561,377][563,379][559,385][563,397][575,394][548,319][635,279][637,265][615,274][585,277][542,298][538,290][638,245]
pt
[105,473][105,472][105,471][105,470][127,461][128,461][151,453][152,453][153,453][154,453][163,455][161,460][154,466][149,464][137,471][120,474][111,477][104,472]
pt
[179,475][180,475][180,474][211,459][212,459][216,458][214,472][218,478]
pt
[178,475][178,476][178,477][178,478]
pt
[218,440][218,439][219,439][220,439][220,438][255,425][298,401][280,395][381,358][390,359][391,359][394,365][372,376][329,390][333,403][331,412][340,433][373,476][374,476][374,477][374,478][374,479][375,479][320,477][303,418][290,419][270,427][232,442][225,443][220,439]
pt
[2,185][3,185][3,184][4,184][17,179][36,214][48,238][57,242][102,232][113,241][123,251][150,253][151,253][152,253][173,252][174,252][186,247][199,187][226,162][233,150][239,156][243,167][244,167][250,172][259,170][259,169][270,149][286,147][313,123][329,129][345,132][356,149][360,174][357,191][357,193][348,206][348,207][362,220][374,225][397,227][420,225][420,224][440,218][441,218][470,210][477,181][433,60][483,175][493,180][503,187][504,187][504,188][510,195][537,198][556,188][557,188][557,187][558,187][583,164][597,149][599,127][611,123][612,123][612,122][613,122][632,121][633,121][634,121][635,121][637,121][638,121][639,121]
pt
[28,195][29,195][29,194][30,194][30,193][31,193][32,193][33,193][33,192][34,192][35,192][35,191][36,191][37,191][37,190][38,190][38,189][39,189][40,189][40,188][41,188][42,188][43,188][43,187][44,187][45,187][46,187][47,187][47,186][48,186][49,186][49,185][51,185][51,184][52,184][53,184][53,183][54,183][54,182][55,182][56,182][56,181][57,181][58,181][58,180][59,180][59,179][60,179][60,178][61,178][61,177][62,177][62,176][63,176][63,175][64,175][64,174][64,173][65,173][65,172][65,170][65,169][66,169][66,168][66,167][66,166][66,165][66,164][66,163][66,162][66,161][66,160][66,159][66,158][66,157][66,156][66,155][66,154][66,153][66,152][66,151][66,150][66,149][66,148][66,147][66,146][66,145][66,144][66,143][66,142][66,141][66,140][66,139][66,138][66,137][66,136][66,135][66,134][66,133][66,132][66,131][66,130][66,129][66,127][65,126][65,125][65,124][65,123][65,122][65,121][65,120][65,119][64,118][64,117][64,116][64,115][64,113][64,112][63,112][63,111][63,110][63,109][63,108][63,107][63,106][62,106][62,105][62,104][62,103][62,102][62,101][62,100][62,99][61,98][61,97][61,96][61,95][61,94][60,93][60,92][60,90][60,89][59,89][59,88][59,87][59,86][59,85][59,84][59,83][59,82][59,81][58,81][58,80][58,79][58,78][58,77][58,76][58,75][58,74][57,74][57,73][57,72][57,71][57,70][57,69][56,69][56,68][103,58][117,57][117,56][118,56][140,41][141,41][141,40][142,40][143,40][172,30][172,29][173,29][174,29][174,28][175,28][195,16][208,8][257,29][277,48][278,48][278,49][308,68][309,68][309,69][331,89][331,90][331,91][331,92][336,109][336,110][336,111][340,126][340,127][340,128][340,129][341,129][341,130][341,131]
pt
[231,175][230,175][230,176][230,177][230,178][230,179][230,180][230,181][230,183][230,184][230,185][230,186][230,187][230,188][230,189][230,190][230,191][230,192][231,192][231,193][231,194][232,194][232,195][232,196][233,196][233,197][233,198][233,199][235,199][235,200][235,201][235,202][235,203][235,204][235,205][235,206][235,207][235,208][235,209][235,210][234,210][234,211][234,212][234,213][234,214][233,214][233,215][233,216][232,217][232,218][232,219][231,219][231,220][231,221][231,222][230,222][230,223][230,224][230,226][230,227][230,228][230,229][229,229][229,230][229,231][229,232][229,233][229,234][228,234][228,235][228,236][216,319][216,320][216,321][216,322][217,322][217,323][231,338][232,338][253,325][285,315][285,314][285,313][286,313][286,312][286,311][324,291][325,291][326,291][366,285][367,285][368,285][368,284][369,284][395,269][396,236][394,228]
pt
[230,175][230,174][230,173][230,172][231,172][231,171][232,171][233,171][234,171][235,171][236,171][237,171][239,171][240,171][241,171][241,170][242,170][243,170][244,170]
pt
[565,399][566,399][566,400][566,401][566,402][566,403][566,404][567,404][567,405][567,406][568,406][568,407][569,407][569,408][570,408][571,408][571,409][572,409][572,410][572,411][572,412][571,421][562,433][563,433][564,433][564,434][569,445][577,454][582,454][594,460][595,460][595,461][596,461][606,464][621,419][623,407][604,400][603,400][584,396][580,394][568,397]
