6
pt
[0,175][1,175][2,175][3,175][4,175][4,176][4,177][5,177][5,178][37,210][49,245][56,272][54,288][50,292][56,302][52,325][35,350][40,366][50,361][55,360][58,370][52,391][38,413][33,423][33,424][33,425][36,442][32,461][32,462][31,476][31,477][32,477][32,478][32,479]
pt
[177,478][177,477][177,476][177,475][177,474][177,473][177,472][177,471][177,470][177,469][177,468][177,467][177,466][177,465][177,464][177,463][177,462][177,461][177,460][177,459][177,458][177,457][177,456][177,455][177,454][178,454][178,453][178,452][179,452][179,451][180,451][180,450][181,450][181,449][182,449][182,448][183,448][183,446][184,446][185,446][185,445][186,445][186,444][187,444][187,443][188,443][189,443][189,442][190,442][190,441][238,382][238,381][265,327][265,326][265,325][322,255][423,127][423,126][455,104][497,82][534,91][535,91][535,92][536,92][537,92][537,93][538,93][594,130][595,130][596,131][597,131][598,131][601,132][627,153][639,162]
pt
[84,134][84,135][84,136][85,136][86,136][86,137][87,137][87,138][88,138][88,139][89,139][89,140][90,140][97,143][98,143][104,139][104,138][106,127][106,119][102,116][101,116][101,115][93,113][88,113][83,116][81,134][84,135]
pt
[140,113][140,114][140,115][140,116][140,117][140,118][140,171][136,204][136,205][131,235][135,257][134,275][148,298][156,308][157,308][177,315][187,317][201,317][202,317][255,291][267,274][268,274][275,272][276,272][292,263][295,236][303,229][326,212][327,212][327,211][343,192][344,192][344,191][379,132][379,132][391,129][399,122][428,104][441,70][453,68][464,77][465,77][468,89][509,73][510,73][522,70][522,69][524,51][522,36][519,27][502,24][502,18][503,18][514,12][535,12][541,11][541,10][534,1][267,1][247,27][224,42][212,60][197,76][171,85][170,85][154,81][137,101][140,116]
pt
[0,22][1,22][2,22][3,22][4,22][5,22][6,22][6,23][7,23][7,24][7,26][8,26][9,26][9,27][10,27][10,28][12,28][12,29][12,30][13,30][14,30][14,31][15,31][15,32][15,33][16,33][16,34][17,34][17,35][18,35][18,36][19,36][19,37][20,37][21,37][21,38][21,39][22,39][22,40][23,40][23,41][23,42][24,42][24,43][25,43][25,44][26,44][26,45][27,45][27,46][28,46][28,47][28,48][29,48][29,49][30,49][30,50][31,50][31,51][32,51][32,52][32,53][32,54][33,54][33,55][34,55][34,56][35,56][35,57][36,57][36,58][36,59][37,59][37,60][37,61][38,61][38,62][39,62][39,63][39,64][40,64][40,65][41,65][41,66][41,68][42,68][42,69][43,69][43,70][44,70][44,71][44,72][45,72][45,73][46,73][46,74][47,74][47,75][48,75][48,76][49,76][49,77][50,77][51,77][51,78][52,78][52,79][53,79][55,79][55,80][56,80][57,80][57,81][58,81][59,82][60,82][61,82][61,83][62,83][63,83][63,84][64,84][65,84][66,84][66,85][67,85][68,85][69,85][69,86][70,86][71,86][71,87][72,87][73,87][73,88][74,88][75,88][76,88][76,89][77,89][78,89][78,90][79,90][80,90][80,91][81,91][82,91][82,92][83,92][84,92][84,93][85,93][86,93][87,93][87,94][88,94][89,94][89,95][90,95][91,95][91,96][92,96][92,97][93,97][94,97][95,97][95,98][96,98][98,98][98,99][99,99][100,99][100,100][101,100][102,100][102,101][103,101][104,101][104,102][105,102][106,102][106,103][107,103][108,103][109,103][109,104][110,104][111,104][112,104][113,104][113,105][114,105][115,105][115,106][116,106][117,106][118,106][118,107][119,107][120,107][121,107][122,107][122,108][123,108][124,108][125,108][125,109][126,109][127,109][128,109][129,109][130,109][130,111][131,111][132,111][133,111][134,111][135,111][136,111][137,111][138,111][138,110][138,109]
pt
[134,281][133,281][132,281][132,282][131,282][131,283][130,283][130,284][130,285][129,285][129,286][129,287][128,287][128,288][128,289][127,289][127,290][126,290][126,291][125,291][125,292][124,292][124,293][124,294][123,294][123,295][123,296][123,297][123,298][123,299][123,300][123,301][123,302][123,303][123,304][123,305][123,306][123,307][123,309][124,309][125,309][125,310][126,310][127,310][127,311][128,311][129,311][129,312][130,312][131,312][132,312][133,312][134,312][136,312][137,312][138,312][139,312][139,311][140,311][140,310][141,310][141,308][142,308][142,307][142,306][143,306][143,305][144,305][144,304][145,304][145,303][145,302][145,301][146,301][146,300][133,279]
