7
pt
[1,256][1,255][1,254][2,254][2,253][3,253][3,252][4,252][4,251][4,250][5,250][5,249][6,249][6,248][7,248][76,147][77,147][105,110][120,110][121,110][122,110][140,69][140,68][147,54][156,38][156,37][174,27][175,26][176,26][176,25][177,25][179,25][179,24][180,24][181,24][181,23][182,23][182,21][183,21][183,20][184,20][185,19][185,18][186,18][186,17][187,17][187,16][188,15][189,14][190,14][190,13][191,13][192,12][193,11][194,11][194,10][195,10][195,9][196,9][196,8][196,7][197,7][198,7][198,6][199,6][199,5][200,5][200,4][201,4][201,3][202,3][202,2][203,2][203,1][204,1][204,0][205,0]
pt
[1,302][2,302][3,302][4,302][5,302][47,259][47,258][97,171][144,119][204,49][206,18][208,18][208,17][209,17][225,7][226,7][226,6][227,6][228,6][229,6][229,4][230,4][230,3][231,3][232,3][232,2][233,2][234,2][234,1][235,1][236,1][237,1][238,1][239,0][240,0][241,0]
pt
[106,477][106,476][106,475][106,474][106,473][106,472][106,471][106,470][106,469][106,468][106,467][106,465][106,464][106,463][107,463][107,462][107,461][109,461][109,460][110,460][110,459][110,458][111,458][111,457][112,457][112,456][112,455][113,455][113,454][114,454][114,453][115,453][115,452][115,451][116,451][116,450][117,450][117,449][117,448][118,448][118,447][119,447][119,446][119,445][120,445][120,444][121,444][121,443][121,442][122,442][122,441][123,441][123,440][124,440][124,439][125,439][126,439][126,438][127,438][127,437][128,437][128,436][128,435][129,435][130,434][131,434][131,433][132,433][132,432][133,432][133,431][134,431][134,430][135,430][135,429][135,428][136,428][136,427][137,427][137,426][138,426][138,425][139,425][139,424][139,422][140,422][140,421][141,421][141,420][141,419][142,419][142,418][143,418][143,417][143,416][143,415][144,415][144,414][144,413][145,413][145,412][145,411][146,411][146,410][146,409][147,409][147,408][147,407][148,407][148,406][148,405][149,405][149,404][151,404][151,403][152,403][152,402][152,401][152,400][153,400][153,399][154,399][154,398][154,397][154,396][155,396][155,395][156,395][156,394][156,393][157,393][157,392][157,391][158,391][158,390][158,389][159,388][159,387][160,387][160,386][160,385][161,385][161,384][161,383][162,383][162,382][162,381][163,381][163,379][163,378][163,377][164,377][164,376][164,375][164,374][164,373][165,373][165,372][166,372][166,371][166,370][167,370][167,369][167,368][168,368][168,367][169,367][169,366][170,366][170,365][171,365][171,364][172,364][172,363][173,363][173,362][174,362][174,361][175,361][176,361][176,360][177,360][177,359][178,359][178,358][179,358][179,357][180,357][180,356][181,356][181,355][182,355][182,354][183,354][183,353][184,353][184,352][185,352][185,351][186,350][187,349][188,348][189,347][189,346][190,346][190,345][191,345][192,345][192,344][194,344][194,343][195,343][195,342][196,342][196,341][197,341][197,340][197,339][198,339][198,337][199,337][199,336][200,336][200,335][200,334][201,334][201,333][202,333][202,332][202,331][203,331][203,330][204,330][204,329][205,329][205,328][206,328][207,328][207,327][208,327][208,326][209,326][210,326][210,325][211,325][211,324][212,324][212,323][213,323][213,322][214,322][214,321][215,321][216,321][216,320][217,320][218,320][218,319][219,319][219,318][220,318][220,317][221,317][222,317][222,316][223,316][224,316][224,315][225,315][226,315][226,314][227,314][227,313][250,282][264,274][264,273][271,246][283,245][284,245][383,134][450,62][451,62][467,42][467,41][463,2][464,2][465,2][465,1][465,0][466,0]
pt
[133,477][133,476][133,475][133,474][133,473][133,472][133,471][188,400][189,400][189,399][200,402][200,403][201,403][202,403][208,404][209,404][210,404][211,404][211,403][212,403][214,403][214,402][263,356][263,355][264,355][264,354][290,305][290,304][291,304][291,303][313,290][369,199][378,197][379,197][380,197][386,201][387,221][387,222][387,223][386,231][389,232][421,195][422,195][433,188][433,187][440,169][427,170][415,165][417,137][437,130][539,13][540,13][540,12][541,12][542,12][542,11][543,11][543,10][544,10][544,9][545,9][545,8][546,8][546,7][546,6][546,5][547,5][547,4][547,3][548,3][548,2][548,1][548,0][549,0]
pt
[392,475][396,473][396,472][396,471][398,471][398,470][398,469][399,469][399,468][399,467][400,467][400,466][401,466][456,383][457,383][462,388][463,388][464,388][464,387][474,376][474,375][474,374][474,372][488,364][488,363][488,362][489,362][489,361][494,348][494,347][494,346][494,345][516,317][516,316][517,316][559,254][571,236][571,235][572,235][572,234][574,234][574,233][584,222][585,222][585,221][619,199][619,198][631,189][637,185][637,184][638,184][638,183][639,183][639,182]
pt
[508,475][508,474][509,474][509,473][510,472][511,472][512,471][513,470][514,470][515,468][515,466][516,466][516,465][517,465][517,464][518,464][518,463][519,463][519,462][520,461][520,460][521,460][521,459][522,459][523,459][523,458][523,457][524,457][525,456][525,455][527,455][528,454][528,453][529,453][529,452][530,451][532,449][533,448][534,447][535,446][536,445][537,444][538,443][539,442][539,441][540,440][541,439][542,438][543,437][545,436][546,435][547,434][549,432][550,431][551,430][551,428][552,427][553,426][554,425][555,423][557,422][558,421][559,420][560,419][561,418][562,417][563,416][566,412][567,411][568,410][569,407][570,406][571,405][572,404][574,403][575,402][576,401][579,400][580,399][581,398][582,397][583,396][584,393][585,392][586,392][587,391][589,390][590,389][591,388][592,385][593,384][594,382][595,381][598,379][598,378][600,375][600,374][601,373][603,370][604,369][605,368][606,367][607,365][608,364][609,363][609,362][610,361][612,360][613,359][614,357][614,356][615,355][616,354][618,351][619,350][620,349][621,348][622,347][623,346][624,345][625,345][625,344][626,344][626,343][627,342][628,342][629,341][630,341][631,339][633,338][633,337][634,337][635,336][636,336][637,335][638,335][639,334][639,333]
pt
[507,473][506,473][506,474][505,474][505,475][505,476][504,477][504,478][502,479]
