7
pt
[534,475][535,475][535,474][536,474][537,473][538,473][538,472][539,472][540,472][540,471][541,471][541,470][542,470][542,469][543,469][544,468][545,468][545,467][546,467][546,466][547,466][547,465][548,465][548,464][549,464][549,462][550,461][551,461][551,460][551,459][552,459][552,458][553,458][553,457][554,457][554,456][555,455][556,455][557,454][558,453][558,452][559,451][560,450][561,449][562,448][562,447][563,446][565,445][566,444][566,443][567,442][568,441][568,440][569,438][570,437][570,436][571,435][572,432][573,432][573,431][574,430][574,429][575,428][575,427][576,425][577,424][578,423][578,422][579,420][580,419][581,416][581,415][582,414][583,413][584,412][584,411][586,410][586,409][587,408][588,407][588,406][589,405][589,404][590,403][591,402][591,401][592,400][593,399][594,398][594,397][595,396][595,395][596,393][596,392][597,389][598,388][599,386][599,385][600,383][601,382][602,381][602,380][603,377][605,375][606,374][606,373][607,371][608,370][609,369][609,368][610,367][610,366][611,363][612,363][612,362][613,361][614,359][615,358][616,356][616,355][617,354][617,353][618,352][619,351][619,350][620,349][622,346][622,345][623,345][623,344][624,343][624,342][625,341][626,340][626,339][627,338][627,337][628,336][629,335][629,334][630,333][630,332][631,332][631,331][632,330][633,328][633,325][634,324][634,323][635,322][636,321][636,320][636,319][637,318][637,317][638,316][638,315][639,315][639,314][639,313]
pt
[433,475][433,474][433,473][433,472][433,471][433,470][433,469][442,434][442,433][443,433][443,432][447,421][447,420][448,420][448,419][464,403][464,402][465,402][465,401][466,401][466,400][467,400][467,399][468,398][469,398][469,396][495,380][495,379][497,379][497,378][497,377][498,377][513,365][513,364][514,364][514,363][535,335][539,314][540,314][558,312][559,312][559,311][560,311][561,311][571,279][591,243][591,242][592,242][593,242][593,241][594,241][594,240][595,240][617,227][617,226][618,226][618,225][619,225][619,224][619,222][633,201][633,200][634,200][634,199][635,199][635,198][636,198][636,197][637,197][637,196][637,195][638,195][638,194][639,194][639,193]
pt
[182,478][183,478][184,478][185,478][185,477][186,477][187,477][187,476][188,476][189,476][189,475][190,475][190,474][250,407][250,406][250,405][250,404][251,402][264,384][264,383][265,383][265,382][265,381][265,380][266,380][266,379][266,378][267,378][268,375][276,358][277,358][277,357][277,356][277,355][277,354][278,354][278,353][278,352][279,352][279,351][285,340][285,339][286,339][286,338][287,338][287,337][288,337][289,336][307,321][307,320][308,320][308,319][309,319][310,319][310,318][311,318][312,318][312,317][313,317][314,317][337,297][338,296][339,296][339,295][340,295][340,294][341,294][341,293][342,293][342,292][343,292][423,193][423,192][424,192][424,191][425,191][425,190][426,190][426,189][427,189][427,188][428,188][458,154][459,154][459,153][459,152][460,152][460,151][537,50][537,49][537,48][538,48][563,15][564,15][564,14][565,14][565,13][566,12][567,12][567,11][568,10][568,9][569,9][569,8][570,7][571,7][571,6][572,5][573,4][573,3][574,3][574,2][575,2][575,1]
pt
[163,471][163,470][163,469][163,468][163,467][163,466][163,465][164,465][164,464][164,463][164,462][164,461][165,461][165,460][165,459][165,458][201,378][201,377][201,376][223,335][224,334][226,334][226,333][226,332][227,332][227,331][228,331][228,330][229,330][230,329][231,327][232,324][235,322][236,319][237,317][239,315][298,249][299,249][299,248][300,248][301,248][301,247][329,231][330,230][330,228][331,228][332,227][333,226][333,225][334,224][334,223][335,223][335,222][336,222][336,221][373,176][374,176][374,175][375,175][375,174][376,174][376,173][376,172][377,172][378,172][378,171][378,169][379,168][402,138][402,137][402,136][418,115][419,115][419,114][420,114][461,65][462,65][462,64][463,64][464,64][464,63][465,63][466,63][467,62][468,61][495,43][496,43][496,42][497,42][497,41][498,41][498,40][498,39][499,39][499,38][500,38][501,37][502,36][517,0][518,0]
pt
[292,478][293,478][294,478][294,477][295,477][295,476][296,476][296,475][297,475][297,474][298,474][298,473][299,473][299,472][405,329][406,329][407,329][407,328][408,328][410,327][430,313][430,312][431,312][431,311][432,311][433,311][433,310][434,310][434,309][435,309][459,286][459,285][460,285][460,284][460,283][461,283][461,282][491,232][492,232][492,231][492,230][493,230][493,229][494,229][494,228][495,228][495,227][496,227][496,226][497,226][497,225][498,225][498,224][499,224][514,211][515,211][515,210][532,208][533,221][533,222][533,223][533,224][533,225][532,225][532,226][517,247][517,248][517,249][516,249][516,250][500,270][500,271][499,271][499,272][498,272][498,273][497,273][448,320][447,320][390,396][390,397][390,398][390,399][375,416][374,416][350,454][350,455][350,456][349,456][349,457][332,478][332,479]
pt
[1,298][2,298][3,298][4,298][7,296][7,295][9,295][9,294][10,293][10,292][11,291][12,290][14,288][16,287][19,284][20,282][23,280][24,280][24,279][25,279][25,278][25,279][24,279][24,281][23,282][22,283][22,284][21,284][21,285][22,285][22,284][23,284][23,283][24,283][24,282][25,282][25,280][26,280][26,279][27,279][27,278][28,278][29,278][29,277][30,277][30,276][31,276][32,276][32,275][33,275][33,274][34,274][34,273][35,273][35,272][36,272][36,271][37,271][37,270][37,269][37,268][38,268][38,267][39,267][39,266][39,265][40,265][40,264][41,264][41,264][41,263][64,225][64,224][64,223][65,223][94,188][94,187][95,187][95,186][95,185][98,183][98,182][99,181][100,181][100,180][101,179][102,179][102,178][103,177][104,176][105,175][105,174][107,174][108,173][109,173][109,172][110,172][110,171][111,171][111,170][112,170][112,169][113,169][114,169][115,169][115,168][116,168][117,168][117,167][118,167][119,167][119,166][120,166][121,165][122,165][123,164][124,164][124,163][125,162][126,162][126,161][127,161][128,161][128,159][129,159][129,158][130,158][130,157][131,157][131,156][131,155][132,154][132,153][133,153][133,152][133,151][134,151][134,150][134,149][135,149][135,148][135,147][136,147][136,146][136,146][136,145][137,145][137,144][138,144][138,143][138,143][138,142][139,142][139,141][139,140][140,140][140,139][141,138][141,137][142,137][142,136][143,136][143,135][144,135][144,134][145,134][145,133][146,132][148,130][148,129][149,128][149,127][150,127][150,126][150,124][151,123][151,122][152,121][152,120][153,120][153,119][153,118][154,118][154,117][154,116][155,116][155,115][155,115][155,114][156,114][156,113][156,112][161,104][162,103][163,101][163,99][164,99][164,98][165,97][165,96][166,96][166,95][166,94][167,94][167,93][168,93][168,92][168,91][169,91][169,90][169,89][170,89][170,88][171,88][171,87][172,87][172,86][173,85][173,84][174,84][174,84][174,83][175,83][175,82][175,81][178,80][178,79][180,79][181,79][181,78][182,78][183,78][183,77][184,77][185,77][186,77][186,76][187,76][188,76][188,75][189,75][189,74][190,74][191,74][191,73][192,73][192,72][193,72][193,72][194,72][194,71][199,79][199,80][199,81][199,82][199,82][199,83][199,84][200,84][201,84][201,84][202,84][202,83][207,64][207,63][207,62][209,53][237,23][237,22][238,22][238,21][254,6][254,5][254,4][256,4][256,3][257,3][257,2][258,2][258,1][259,1][259,0][260,0]
pt
[1,187][2,187][3,187][4,187][6,187][7,187][8,187][9,187][10,187][11,187][12,187][13,187][14,187][15,187][16,187][17,187][18,187][19,187][20,187][21,187][21,186][22,186][23,186][25,186][26,186][26,185][27,185][27,184][28,184][28,183][29,183][30,182][31,182][31,181][32,181][32,180][33,180][34,180][34,179][35,179][35,178][35,178][62,144][63,144][64,144][64,143][65,143][66,143][67,143][81,132][82,132][83,132][83,131][84,131][111,113][111,112][112,112][112,111][113,111][114,111][114,110][141,88][142,88][142,87][143,87][143,86][144,86][145,86][145,85][146,85][167,72][168,72][168,71][169,71][170,71][170,70][171,70][172,69][173,69][176,68][177,68][177,67][178,67][178,66][196,39][197,39][197,38][198,38][198,37][199,37][199,36][216,15][217,15][217,14][229,3][229,2][230,2][230,1][231,0]
