5
pt
[2,104][4,104][4,102][5,102][33,81][33,80][33,79][33,78][33,77][33,76][33,75][34,75][34,74][35,72][36,71][39,69][40,65][41,63][42,61][43,61][43,60][44,60][44,58][45,58][45,57][47,57][48,57][49,57][49,56][50,56][51,56][52,56][53,55][54,55][55,54][56,54][57,54][58,54][58,53][59,53][60,53][61,53][61,52][62,52][63,52][63,51][64,51][64,50][65,50][66,50][66,49][67,49][67,48][68,48][68,47][69,47][69,46][70,46][71,46][71,45][72,45][72,44][73,44][73,43][74,43][74,42][75,41][76,41][76,40][77,40][77,39][78,39][78,38][79,38][80,38][80,37][81,36][81,35][82,35][82,34][83,33][83,32][84,32][84,31][85,31][85,30][86,30][86,29][87,29][87,28][89,27][90,27][90,26][91,26][91,25][92,25][92,24][93,24][93,23][94,23][94,22][95,21][95,20][96,20][97,19][97,16][98,15][99,14][99,13][100,12][101,11][101,10][102,10][102,9][103,9][103,8][103,7][104,7][104,6][105,6][105,5][106,5][106,4][107,4][107,3][108,3][108,2][108,1][109,1][109,0][110,0]
pt
[22,473][23,473][23,472][24,472][24,471][24,470][25,470][25,469][26,469][26,468][27,468][27,467][92,370][92,369][93,369][93,368][115,345][116,345][116,344][117,344][118,344][118,343][119,343][119,342][120,342][171,260][171,259][172,259][173,259][173,258][174,258][381,25][381,24][406,4][406,3][407,3][407,2][407,1][408,1][408,0][409,0]
pt
[69,479][63,476][63,475][64,475][151,363][151,362][152,362][152,361][213,282][219,246][242,235][243,235][244,235][265,205][301,145][316,108][337,117][395,60][423,22][423,21][424,21][424,20][425,20][425,19][425,18][426,18][426,17][427,17][427,16][427,15][428,15][428,14][428,13][429,13][429,12][429,11][430,9][430,8][431,8][431,7][432,6][432,5][433,5][433,4][433,3][434,3][434,2][435,1][435,0][436,0]
pt
[289,477][289,476][290,476][290,475][290,474][291,474][291,473][292,473][293,473][293,472][294,471][294,470][295,470][382,392][474,290][483,259][490,191][526,160][549,142][549,141][550,141][616,55][617,55][617,54][618,54][618,53][619,53][620,53][620,52][621,52][622,51][623,51][623,50][624,50][624,49][625,49][625,48][626,48][626,47][627,47][627,46][628,46][628,45][629,44][629,43][630,43][630,42][630,41][631,41][631,40][631,39][632,39][633,38][633,37][633,36][634,36][634,35][634,34][635,34][635,33][636,32][636,31][637,31][637,30][637,29][638,29][638,28][639,28][639,26]
pt
[582,478][583,478][583,476][584,476][584,475][585,475][585,474][586,474][586,473][587,473][588,473][588,472][589,472][589,471][590,471][591,471][591,470][592,470][592,469][593,469][593,468][594,468][594,467][595,467][595,466][596,466][596,465][597,465][597,464][598,464][598,463][599,463][600,463][600,462][601,462][602,462][602,461][603,461][604,461][604,460][605,460][606,460][606,459][607,459][607,458][608,458][609,458][609,457][610,457][610,456][611,456][612,455][612,454][614,454][614,453][615,453][615,452][616,452][616,451][617,451][617,450][618,450][618,449][619,449][619,448][620,448][620,447][621,447][621,446][622,446][622,445][623,445][624,445][624,444][625,443][626,443][626,442][627,442][627,441][628,441][628,440][629,440][629,439][630,439][630,438][631,438][631,437][631,436][632,436][632,435][633,433][633,432][634,432][634,431][634,430][635,430][635,429][636,429][636,428][637,428][637,427][638,427][638,426][639,426][639,425]
