5
pt
[1,57][2,57][3,57][3,56][4,56][4,55][5,55][5,54][7,54][7,53][7,52][8,52][8,51][9,51][9,50][10,50][10,49][11,49][11,48][11,47][12,47][12,46][13,46][13,45][14,45][14,44][15,44][15,43][16,43][16,42][17,42][17,41][18,41][18,40][19,40][20,39][20,38][21,38][22,38][22,37][23,37][23,36][24,36][25,35][26,35][26,34][27,34][28,34][28,33][29,33][30,33][30,32][31,32][31,31][32,31][32,30][33,30][33,29][34,29][34,28][35,28][35,27][36,27][36,26][37,26][37,25][38,25][39,24][40,24][40,23][40,22][41,22][42,22][42,20][42,19][43,19][43,18][44,18][44,17][45,17][45,16][46,16][46,15][47,15][48,15][48,14][50,14][50,13][51,13][51,12][52,12][53,12][53,11][54,11][54,10][55,10][55,9][56,9][57,9][57,8][58,8][59,8][59,7][60,7][61,7][61,6][62,6][62,5][63,5][64,5][64,4][65,4][65,3][66,3][67,3][67,2][68,2][69,2]
pt
[1,349][2,349][3,349][3,348][4,348][4,347][6,347][6,346][7,346][7,345][8,345][8,344][9,344][9,343][10,343][10,341][11,341][11,340][12,340][41,296][49,299][50,299][51,299][64,269][64,268][80,253][80,252][151,143][151,142][152,141][221,63][236,46][236,45][258,27][281,9][286,2][286,1][286,0]
pt
[12,478][13,478][13,477][14,477][14,476][15,476][15,475][16,475][16,474][17,474][17,473][18,473][19,473][19,472][20,472][20,471][21,471][21,470][22,470][22,469][23,469][23,468][24,468][24,467][25,467][25,466][26,466][26,465][27,465][27,464][28,464][29,464][29,463][30,463][30,462][94,389][94,388][153,319][153,318][212,246][263,193][282,156][297,145][297,144][331,111][345,99][365,90][308,163][291,172][242,249][195,310][135,390][61,479][62,479]
pt
[270,477][270,476][271,476][271,475][271,474][272,474][272,473][272,472][273,472][273,471][274,471][274,470][274,469][275,469][275,468][275,467][276,467][341,327][342,327][393,279][394,279][394,278][394,277][395,277][395,276][396,276][396,275][396,274][440,236][478,205][479,205][479,204][480,204][480,203][481,203][481,202][482,202][483,201][484,200][508,178][509,178][509,177][509,176][510,176][510,175][521,142][521,141][522,141][522,140][522,139][536,127][542,95][542,94][549,71][592,47][623,36][623,35][624,35][624,34][625,34][629,16][629,15][622,3][622,2][622,1][621,1]
pt
[304,474][305,474][306,474][306,473][307,473][307,472][308,472][309,472][381,395][382,395][382,394][383,394][384,393][404,360][405,360][405,359][406,359][406,358][428,336][428,335][429,335][429,334][527,212][527,211][527,210][537,203][538,203][538,202][539,202][638,84][638,83][639,83][639,82][639,81]
