6
pt
[559,478][560,478][561,478][561,477][562,477][562,476][562,475][563,475][563,474][564,474][564,473][565,473][565,472][566,472][566,471][566,470][567,470][568,469][568,468][569,468][569,467][570,467][570,466][571,466][571,465][572,465][572,464][573,464][573,463][574,463][575,463][575,462][575,461][576,461][576,460][578,460][578,459][579,459][579,458][580,458][581,457][581,456][582,455][583,455][583,454][584,453][585,452][586,452][586,451][587,450][588,449][589,447][589,446][591,445][592,443][593,442][596,441][596,440][597,439][598,438][599,438][599,437][600,436][600,435][601,435][601,434][602,434][602,433][603,433][603,432][603,430][604,429][605,429][605,428][605,427][606,427][606,426][607,426][607,425][608,425][608,424][609,423][610,422][611,421][612,421][612,420][613,420][613,419][614,419][614,418][615,417][616,417][616,416][617,416][617,415][618,415][619,414][620,414][620,413][621,413][621,412][622,411][622,410][623,410][624,409][625,409][625,408][626,407][626,406][627,406][627,405][628,404][629,404][629,403][630,402][631,401][631,400][632,400][633,399][633,398][634,398][635,397][635,396][636,396][636,395][636,394][638,394][638,393][639,393][639,392]
pt
[353,476][353,475][354,475][354,474][355,474][355,473][356,473][356,472][357,471][358,471][358,470][359,470][359,469][360,469][360,468][360,467][361,467][361,466][362,466][362,465][363,465][363,464][364,464][364,463][365,462][366,462][366,461][367,461][367,460][368,460][368,459][369,459][369,457][370,457][370,456][371,456][371,455][372,455][372,454][373,454][373,453][374,453][374,452][375,452][375,451][376,451][377,450][378,450][378,449][379,448][380,448][380,447][381,446][382,446][382,445][383,445][384,444][385,444][385,443][387,442][388,441][389,440][390,440][391,439][392,438][393,437][394,436][395,436][396,435][396,434][397,433][398,433][399,432][400,431][401,431][401,430][402,429][403,429][404,428][405,427][405,426][406,426][407,425][407,424][408,424][408,423][409,422][410,421][410,420][411,420][411,419][412,419][412,418][413,418][413,417][414,415][414,414][415,414][415,413][416,412][417,411][417,410][418,409][418,408][419,407][420,406][421,405][421,404][422,404][422,403][423,403][423,402][424,401][424,400][425,400][425,399][426,398][426,397][427,397][427,396][429,396][429,395][429,394][430,394][430,393][431,393][431,392][431,391][432,391][432,390][433,390][433,389][434,388][435,388][435,387][436,386][436,385][437,385][437,384][438,384][438,383][439,383][439,382][440,382][440,381][441,381][441,380][442,380][443,380][443,379][444,379][445,379][445,378][446,378][446,377][447,376][521,281][521,280][522,280][522,279][523,279][524,278][524,277][526,276][556,231][556,230][557,230][557,229][558,229][558,228][559,228][559,227][595,186][595,185][595,184][596,184][596,183][596,182][597,182][597,181][598,181][621,161][621,160][622,160][622,159][623,159][623,158][623,157][624,157][624,156][625,156][625,155][626,155][626,154][627,154][628,154][628,153][628,152][629,152][629,151][630,151][630,150][631,150][631,149][632,149][633,149][633,148][634,148][634,147][635,147][635,146][636,146][637,146][637,144][638,144][638,143][639,143][639,142]
pt
[300,473][301,473][302,473][302,472][303,472][304,471][304,470][305,470][305,469][306,468][306,467][307,467][307,466][308,466][308,465][309,465][309,464][310,464][310,463][310,462][311,462][311,461][352,415][353,414][353,413][354,413][354,412][354,411][355,411][355,410][356,410][356,409][357,409][357,408][357,407][358,407][358,406][359,406][359,405][360,405][360,404][360,403][361,403][361,402][361,401][362,401][362,400][363,399][363,398][364,398][364,397][365,396][365,395][366,395][366,394][366,393][367,393][367,392][368,392][368,391][369,391][369,390][370,389][370,388][371,388][371,387][372,386][373,385][373,384][374,384][374,383][375,382][376,382][376,381][376,380][377,380][377,379][377,377][378,377][378,376][379,376][379,375][380,374][380,373][381,373][381,372][383,372][383,371][384,371][384,370][385,370][385,369][386,369][387,368][388,368][389,366][391,365][392,364][393,364][393,363][394,362][395,361][396,361][397,360][398,359][399,359][399,358][400,358][400,357][400,356][401,356][401,355][402,355][402,354][403,354][403,352][403,351][405,351][406,349][407,349][407,348][408,348][409,347][409,346][410,346][411,345][412,345][412,344][413,344][413,343][414,343][414,342][415,342][415,341][416,341][417,340][417,339][418,339][418,338][419,337][420,336][421,336][421,335][490,247][491,247][491,246][491,245][542,188][543,188][543,187][544,187][544,186][544,185][545,185][545,184][546,184][546,183][547,183][593,124][594,124][594,123][595,123][596,123][597,122][625,106][625,105][626,105][626,104][627,104][627,103][628,103][628,102][629,102][629,101][630,101][631,100][632,99][633,99][634,98][636,95][637,93][638,92][639,92][639,91]
pt
[300,472][300,473][299,473][299,474][299,475][298,477][298,478][297,478][297,479][296,479]
pt
[3,472][4,472][5,472][6,472][7,472][7,471][8,471][9,471][9,470][10,470][62,424][62,423][63,423][63,422][63,421][64,421][64,420][65,420][66,420][102,381][102,380][103,380][103,379][104,379][104,378][105,378][105,377][227,242][228,242][348,114][349,114][349,113][349,112][350,112][351,112][438,21][438,20][439,20][439,19][440,19][440,18][441,18][441,17][442,17][442,16][443,16][444,16][444,15][445,15][446,14][446,13][447,13][448,13][448,12][449,12][449,11][450,11][450,10][451,10][451,9][452,9][453,9][453,8][454,8][454,7][455,7][455,5][456,4][457,4][457,3][458,3][458,2][460,2][461,1][462,1][462,0][463,0][464,0]
pt
[1,391][2,391][3,391][3,390][4,390][5,390][6,389][7,389][8,389][9,388][10,388][11,388][12,388][15,387][16,387][17,387][18,387][19,386][20,386][20,385][90,330][90,329][90,328][90,327][91,327][91,326][92,325][93,324][94,324][95,323][95,322][96,321][97,320][97,319][98,319][99,318][99,317][100,317][110,303][110,302][111,302][111,301][112,301][127,301][128,301][129,301][129,300][143,295][144,295][144,294][145,294][166,285][167,285][167,284][168,284][168,283][181,270][182,270][182,269][182,268][183,268][183,267][204,220][204,219][204,217][218,168][218,167][229,132][245,101][280,55][281,55][282,55][304,28][304,27][326,5][327,5][327,4][328,3][328,2][329,2][330,2][330,0][331,0]
