5
pt
[1,402][2,402][3,402][4,402][5,402][6,402][6,403][7,403][8,403][9,403][9,404][10,404][10,405][11,405][12,405][13,405][13,406][21,408][22,408][23,408][28,407][29,407][29,406][30,406][40,404][51,403][52,403][61,404][62,404][72,410][73,410][83,417][84,417][92,428][92,429][92,430][99,438][99,439][100,439][106,453][108,469][107,479]
pt
[141,359][141,360][142,360][149,367][150,367][152,367][159,367][162,362][163,362][167,352][167,351][164,342][163,342][163,341][156,338][155,338][155,337][154,337][143,335][139,343][139,344][139,355][139,360]
pt
[188,445][191,432][197,424][198,407][198,406][197,406][196,394][195,370][195,369][198,337][198,326][203,319][231,313][232,313][248,303][249,303][299,252][328,228][336,227][337,227][347,226][360,219][367,201][368,201][368,200][380,192][403,195][422,199][433,189][434,189][443,186][444,186][445,186][445,185][446,185][456,184][456,183][456,182][457,182][457,181][481,179][481,178][482,178][496,175][497,175][497,174][517,166][517,165][518,165][518,164][524,160][525,160][525,159][527,159][528,159][548,153][549,153][562,152][563,152][563,153][569,156][570,156][567,166][567,167][578,173][578,175][592,199][592,200][599,218][600,218][600,219][600,220][601,220][601,221][601,222][603,222][603,223][605,234][588,240][587,240][579,229][565,236][574,261][575,261][587,272][564,312][555,318][558,325][555,329][554,329][534,331][533,331][522,332][519,322][519,321][519,320][523,302][523,301][519,296][517,296][506,299][505,299][505,300][495,308][494,309][494,310][493,310][493,311][493,318][492,318][492,319][492,320][491,327][487,331][486,331][486,332][471,342][470,342][469,342][469,343][446,353][445,353][427,362][424,385][424,386][412,405][412,406][411,406][411,407][411,408][395,427][394,427][394,428][379,440][379,441][378,441][364,457][363,457][363,458][362,458][345,472][347,475][195,477][188,459][187,446][187,444]
pt
[373,139][374,139][387,128][387,127][387,126][393,107][393,106][393,105][393,104][386,73][386,72][386,71][386,69][383,52][383,51][383,50][389,36][389,35][390,35][390,34][402,25][403,25][403,24][404,24][424,11][425,11][426,11][426,10][427,10][428,10][444,5][445,5][460,14][460,15][461,15][473,35][473,36][474,36][474,37][474,38][474,39][481,76][481,77][483,92][484,92][484,93][494,129][494,139][495,139][495,140][495,141][495,142][500,158][500,164][500,165][500,170][499,170][449,176][449,175][429,166][405,160][404,160][384,157][384,156][383,156][375,148][374,148][374,147][373,141]
pt
[194,339][193,339][172,336][136,315][135,315][99,291][85,271][84,271][84,270][78,256][78,255][77,255][77,254][77,253][77,252][62,246][61,246][38,238][38,237][37,237][14,233][8,228][7,228][7,227][6,227][5,227][5,226][4,226][4,225][3,225][3,224][2,224][1,224][1,223][0,223][0,222][1,0][148,2][194,170][191,189][191,191][190,191][190,192][190,193][189,193][189,194][187,212][195,234][206,250][208,266][203,300][203,301][201,315][195,338]
