9
pt
[639,359][639,360][638,360][638,362][637,364][637,365][635,367][634,369][631,372][629,375][627,378][625,382][624,384][623,385][622,386][621,388][619,389][616,393][614,395][613,396][612,397][611,397][611,398][610,398][609,399][607,400][606,401][604,403][603,405][601,407][600,408][599,409][597,410][596,412][593,413][592,414][591,414][591,415][590,415][589,415][589,416][588,416][587,416][586,416][585,416][584,416][584,416][583,416][582,416][582,416][581,416][580,416][579,417][578,418][577,419][576,420][575,420][573,422][572,423][571,424][570,424][570,425][569,425][569,426][568,426][567,427][566,428][566,429][565,429][564,431][563,432][562,432][561,432][559,433][557,434][556,435][554,436][552,437][550,437][550,438][549,438][548,439][547,439][547,440][546,440][545,441][544,441][543,442][542,442][540,444][539,444][539,445][538,446][537,447][535,448][533,450][531,451][530,453][528,454][526,456][524,457][522,458][521,458][520,459][519,460][518,461][517,461][517,462][516,462][516,463][515,463][514,464][513,464][512,465][511,466][510,467][509,468][508,468][507,469][506,470][505,471][503,472][502,472][501,473][500,474][499,475][498,476][497,477][496,479][495,479]
cr
[497,213][546,229][562,209][570,182][552,169][529,163][510,187]
cr
[258,162][245,177][263,217][278,266][283,306][324,357][341,328][349,264][310,238][288,215][287,190][282,158][269,152]
cr
[124,240][161,223][171,251][162,277][155,325][155,376][148,400][137,404][133,378][131,336][132,283][123,270]
cr
[478,196][486,220][495,215][487,192]
cr
[1,240][1,252][45,235][49,247][107,225][101,211][152,188][168,209][237,179][259,155][280,136][314,124][318,136][338,127][337,113][446,67][403,100][406,119][488,86][497,110][490,115][509,159][516,157][517,165][524,161][494,85][573,48][581,33][487,62][484,56][608,2][586,1]
cr
[144,115][166,117][166,103][156,103][147,105]
pt
[1,12][2,12][3,12][5,13][5,14][6,15][7,15][7,16][8,17][9,17][9,18][10,18][11,19][12,19][12,20][13,20][14,21][15,22][15,22][15,23][16,23][17,24][18,25][19,26][20,27][21,28][22,29][22,30][23,31][24,33][26,35][27,37][28,38][29,40][30,41][30,42][31,43][31,44][32,45][32,46][33,47][33,48][33,49][33,50][34,51][34,53][34,57][34,58][34,60][34,62][34,63][34,64][34,65][34,66][34,67][34,68][34,68][34,69][34,70][34,71][34,71][34,72][34,73][34,74][34,75][34,76][34,77][34,78][34,79][33,81][33,81][33,84][32,86][31,87][31,89][31,90][30,92][30,93][28,93][28,94][27,95][27,95][26,95][26,96][25,97][24,99][23,100][22,100][21,101][21,102][20,103][20,104][19,105][19,106][19,107][19,108][19,109][19,110][19,110][19,111][19,112][20,113][20,114][20,115][20,116][21,117][21,118][21,119][22,119][22,120][23,121][23,123][23,124][23,125][24,126][24,127][24,128][24,129][25,130][25,131][26,132][26,133][26,134][27,136][27,137][28,138][28,139][28,140][29,140][29,141][30,142][31,142][31,143][32,143][32,144][32,145][33,145][34,145][34,145][35,145][36,145][37,145][37,145][38,145][40,145][42,145][43,145][45,145][45,145][48,145][49,145][51,144][54,144][56,143][57,143][58,142][59,142][59,140][60,139][61,139][61,138][62,137][62,137][63,136][63,135][64,132][64,131][64,130][64,130][65,130][65,129][66,129][66,128][67,128][69,127][70,127][71,126][72,126][73,125][74,124][75,124][76,123][77,123][77,122][77,122][77,121][77,120][77,119][77,118][77,115][77,113][77,111][77,110][78,110][78,109][78,108][79,106][79,105][80,105][80,104][82,103][84,101][85,100][86,98][87,98][89,97][90,96][92,95][93,95][95,95][96,95][97,95][98,96][99,97][100,97][101,98][102,98][102,99][104,99][104,100][105,101][106,102][107,102][108,103][109,104][110,104][111,105][112,105][112,106][112,107][113,108][114,108][116,108][118,109][119,111][120,111][121,111][122,111][123,111][124,111][125,111][126,111][127,111][127,111][128,111][129,111][129,109][130,108][131,108][131,107][132,106][132,106][133,106][133,105][133,104][134,103][134,102][135,102][135,101][135,100][136,99][137,97][138,96][139,95][140,94][140,93][141,93][141,92][141,91][141,91][141,90][141,88][141,87][141,86][141,84][141,83][141,82][140,81][139,81][139,80][138,80][138,79][137,79][136,79][135,79][135,78][134,78][133,77][132,75][131,75][131,75][131,74][131,73][131,72][131,71][131,70][131,69][131,68][131,67][132,67][132,66][132,65][133,65][133,64][134,64][135,64][136,64][137,64][137,64][138,64][139,64][139,64][139,63][140,63][142,62][143,62][144,61][144,60][145,59][146,59][146,57][146,56][146,56][147,56][147,55][147,54][147,53][147,52][147,52][147,51][147,50][147,49][147,49][147,48][147,47][146,47][146,46][145,45][145,44][145,43][144,42][144,42][144,41][144,40][144,39][144,38][144,37][144,37][144,36][144,34][144,33][144,32][144,31][145,30][146,30][146,29][147,29][147,28][148,28][148,27][149,27][149,27][150,27][151,27][152,27][152,27][152,26][153,26][153,25][154,25][155,24][156,24][157,24][157,24][158,24][159,24][160,25][160,26][160,27][160,27][160,28][160,29][161,29][161,30][161,31][161,32][161,33][161,34][161,34][161,35][161,36][162,37][162,38][162,39][162,40][162,40][162,41][162,42][162,43][162,44][162,44][162,45][162,46][163,46][163,47][163,48][163,49][163,50][163,51][164,52][164,54][164,55][164,56][165,58][165,59][165,60][165,61][165,61][165,62][165,63][165,63][165,64][165,65][164,65][164,66][163,66][163,67][163,68][163,68][162,68][162,69][162,70][161,71][161,72][161,73][161,74][161,75][161,75][161,76][161,77][161,78][161,80][162,81][162,83][163,85][164,87][165,88][166,89][167,90][167,91][168,92][169,93][169,94][170,95][171,95][172,95][172,95][173,95][174,95][175,95][178,95][180,95][182,95][183,95][184,95][185,95][186,95][187,95][187,95][187,94][188,94][189,94][190,93][191,93][192,92][193,91][194,90][196,89][197,88][199,87][200,86][202,85][203,84][204,84][205,83][205,82][206,82][207,82][208,82][209,82][210,82][211,82][211,82][212,82][213,82][214,82][215,83][216,83][217,83][218,83][218,83][220,83][222,83][223,83][224,83][224,83][225,83][226,83][227,83][227,83][228,82][228,82][229,81][229,80][230,80][230,79][230,78][231,78][231,77][232,77][232,76][233,76][233,75][234,74][235,74][237,72][238,71][240,70][241,69][242,69][243,68][244,68][244,67][244,66][245,66][245,65][246,65][246,64][247,63][248,63][248,62][249,62][250,62][251,62][253,62][254,62][255,62][256,62][257,62][258,62][259,62][260,62][260,63][261,63][261,64][262,64][263,64][264,64][265,64][266,64][266,64][267,64][268,64][269,64][270,64][271,63][272,62][273,61][274,60][274,59][275,58][276,57][276,57][277,57][277,56][278,55][278,54][279,54][280,53][280,53][281,52][283,51][284,50][286,50][287,50][287,50][288,50][289,50][290,50][291,50][293,50][294,50][295,50][295,50][296,50][297,50][298,50][298,50][299,50][300,50][300,50][301,50][302,50][305,50][306,50][308,50][309,50][310,50][311,50][314,50][316,50][318,50][320,50][322,50][325,49][327,47][328,46][329,46][330,45][331,45][331,44][332,43][334,42][335,41][336,41][336,40][339,39][341,38][342,37][343,37][343,37][344,37][345,37][345,37][346,37][347,37][348,37][349,37][350,37][351,37][352,37][353,37][354,37][355,37][356,36][357,36][359,34][361,33][362,33][362,32][364,32][364,31][365,31][365,30][365,30][365,29][365,28][365,27][365,27][365,26][365,25][365,25][364,24][364,22][364,21][364,20][364,19][364,19][364,18][364,17][364,16][364,14][364,13][364,13][364,12][364,11][364,10][364,9][364,8][364,7][362,6][362,5][362,4][362,3][362,3][361,3][361,2][361,1][361,0][361,0]
pt
[638,105][638,104][636,101][634,97][632,94][631,92][630,90][629,88][628,85][626,82][624,80][623,78][622,75][622,73][621,71][620,69][620,68][619,65][619,63][619,61][618,59][618,58][618,57][618,57][618,56][618,54][618,52][618,52][618,51][618,50][618,49][618,47][618,44][618,43][618,42][618,41][618,40][618,39][619,38][619,37][619,36][619,35][620,34][621,33][621,32][622,32][622,31][623,31][624,30][625,27][626,26][627,26][628,25][629,25][630,25][631,25][632,24][633,23][634,23][635,23][636,23][636,22][637,22][638,22][638,21][639,21]
