7
pt
[70,479][69,479][68,479][66,479][65,478][63,478][61,478][59,477][57,477][55,476][52,475][50,475][48,474][47,474][46,473][45,472][44,471][44,470][43,470][42,469][41,468][41,467][40,467][39,466][38,465][37,463][37,462][36,461][35,461][34,460][34,459][33,458][32,457][32,456][31,455][31,454][30,452][29,451][29,450][28,448][27,446][27,445][27,443][27,442][27,440][27,439][27,438][27,437][27,435][27,434][27,433][27,432][27,431][28,430][29,429][30,428][31,428][32,428][33,427][34,427][35,427][36,427][37,426][38,426][40,426][41,425][42,425][43,424][44,424][45,424][46,423][47,423][48,423][49,423][50,423][51,423][52,423][54,423][55,423][56,423][57,423][58,423][58,424][58,425][58,425][59,425][59,426][59,427][60,427][60,428][61,428][62,428][63,428][63,427][64,427][64,426][65,425][65,424][66,422][66,422][68,421][69,420][70,420][71,419][71,418][71,417][72,417][72,416][73,416][74,415][74,414][76,413][77,413][78,412][80,410][81,410][83,409][85,408][87,407][89,406][92,405][93,405][94,405][95,404][95,404][97,404][98,403][99,403][101,403][102,402][102,402][103,402][104,402][105,401][106,401][109,401][110,401][112,401][113,401][114,401][116,401][117,401][117,402][117,403][117,404][117,405][117,407][117,409][117,411][118,413][118,414][118,416][118,418][118,419][119,421][119,423][119,425][119,427][120,428][120,430][120,433][121,435][121,436][121,438][122,440][122,442][122,444][123,445][123,448][123,450][123,451][123,452][123,454][123,455][123,456][123,457][123,458][123,459][123,460][123,461][123,462][123,463][123,464][123,465][123,466][123,467][123,468][123,469][123,470][123,470][123,471][123,472][122,473][122,474][122,475][122,476][121,476][121,477][121,478][121,478][121,479]
cr
[296,374][295,374][294,374][294,374][293,374][292,374][291,373][290,373][289,373][288,373][287,372][287,372][286,372][285,372][284,372][284,371][283,371][282,370][281,370][280,370][279,370][278,370][277,370][277,370][276,370][275,370][274,370][274,370][273,370][272,370][271,370][270,370][270,371][268,371][268,372][267,372][266,372][266,373][265,373][265,374][264,374][263,374][263,375][262,375][262,375][262,376][261,376][261,377][261,377][261,378][261,379][261,379][261,380][261,381][262,382][262,383][262,384][262,385][262,386][262,387][262,388][262,389][262,390][262,391][262,391][261,392][261,393][261,394][260,395][260,396][259,397][259,398][258,398][258,399][257,400][257,401][256,401][256,402][256,403][255,403][254,403][253,403][253,404][252,404][252,405][251,405][251,406][250,407][250,408][250,408][249,408][249,409][249,410][248,410][248,411][248,412][248,412][247,412][247,413][247,414][247,416][246,416][246,417][246,418][246,419][246,420][246,421][247,421][247,421][248,421][249,421][249,422][250,422][251,424][252,424][254,426][255,426][256,426][257,427][257,427][257,428][258,428][258,429][259,429][260,429][260,430][261,430][263,430][264,431][266,431][268,432][270,432][270,432][271,432][272,432][273,432][273,432][274,432][276,432][278,432][281,432][283,432][284,432][285,432][286,432][287,431][287,431][287,429][287,428][287,427][287,426][287,425][288,424][288,423][288,421][290,419][291,418][292,417][292,416][292,415][293,414][293,413][294,412][295,411][295,410][295,410][295,409][295,408][295,408][296,407][296,406][296,406][296,405][296,404][297,404][297,403][299,403][299,402][300,402][300,401][301,401][301,400][302,400][302,399][303,399][303,398][304,398][304,397][305,397][305,397][306,397][306,396][307,396][307,395][307,394][307,393][307,393][307,392][307,391][307,390][307,389][307,389][307,388][307,387][306,387][306,386][304,386][304,385][303,385][302,385][302,384][301,384][300,383][299,383][299,382][298,382][298,381][297,381][297,380][296,379][296,378][295,377][295,376][294,375][294,375][293,375][292,375][292,374][291,374][291,373][290,372][290,371][289,371][289,370][288,370][288,369][287,369][286,369][286,369][286,368][286,367][285,367][284,367][284,367]
cr
[327,380][337,390][334,413][326,418][315,433][319,448][308,463][303,457][290,470][268,466][247,461][207,453][177,427][205,386][189,366][216,360][235,371][256,352][271,350][260,327][246,300][268,295][277,295][293,307][303,289][319,290][340,292][356,294][397,242][417,240][433,242][441,235][434,217][447,207][469,166][489,180][469,186][466,211][478,225][486,221][504,243][512,235][516,213][524,210][524,196][540,209][547,197][554,213][563,198][588,187][581,175][609,168][605,181][619,182][597,195][597,226][605,233][599,258][576,271][568,288][544,281][504,293][507,312][480,302][450,305][449,321][433,312][424,319][406,306][388,306][391,326][378,332][378,345][365,348][342,368][331,364][333,344][321,334][314,334][297,345][295,364][310,371][312,392]
cr
[426,399][436,399][437,410][443,415][435,422][426,410]
cr
[484,432][472,436][468,447][497,456][508,451][515,439][530,440][525,433][530,423][521,426][514,419][508,429][499,424][495,435]
cr
[585,455][574,458][568,448][576,431][590,434][605,439][619,447][619,448][630,442][638,448][638,460][626,461][626,467][618,464][603,463]
cr
[590,90][592,72][588,63][572,55][573,39][587,40][601,43][611,32][621,37][613,50][615,56][603,66]
