5
pt
[1,323][1,321][2,319][3,317][4,314][5,312][5,311][7,307][8,304][9,298][11,295][12,293][12,292][12,291][13,288][14,284][17,281][18,278][18,277][20,275][22,270][25,265][26,262][27,260][28,259][29,257][29,254][30,252][31,250][32,248][33,246][35,243][37,236][39,230][42,225][42,222][43,220][43,218][43,215][43,212][44,209][44,205][44,202][45,200][45,194][50,183][55,175][59,171][61,168][61,167][61,165][60,162][59,159][57,156][56,154][55,151][54,148][53,146][52,143][51,141][51,138][50,134][49,130][49,127][49,124][49,122][49,121][49,120][49,119][49,116][49,114][49,112][49,111][49,110][49,109][49,108][49,107][50,107][50,106][51,106][51,105][52,103][53,102][53,101][54,100][54,99][55,97][56,95][57,92][58,89][58,88][58,86][58,85][60,83][62,79][64,76][65,74][66,72][67,71][68,68][71,64][73,61][76,57][78,52][79,48][81,46][84,43][86,39][88,37][90,35][92,34][92,32][92,28][92,23][92,19][92,16][92,11][92,8][92,5][92,3][92,1]
pt
[594,478][594,477][594,476][594,475][594,474][594,473][594,472][594,471][594,470][594,468][594,467][594,467][594,466][594,465][594,464][594,463][594,461][594,461][594,460][594,459][594,458][594,457][594,456][594,454][594,453][594,452][594,451][594,450][593,449][592,448][592,447][591,447][591,446][590,446][590,445][589,445][589,444][589,444][588,443][588,442][587,441][587,440][586,440][586,439][586,438][585,437][585,436][585,436][585,434][584,433][584,432][584,431][584,430][584,429][584,428][584,427][583,427][583,426][583,425][583,424][583,423][582,423][582,422][582,421][581,421][581,420][580,419][579,418][578,417][577,416][577,415][576,415][576,414][576,413][577,413][577,412][578,412][579,411][580,411][580,410][581,410][582,409][583,409][583,408][584,408][585,408][585,407][585,407][585,406][585,406][586,406][586,405][586,404][586,403][586,403][586,402][586,401][586,401][585,401][585,400][585,399][584,399][584,398][584,398][584,397][582,397][581,397][581,396][580,396][579,395][579,394][579,394][578,394][577,393][577,392][577,391][577,391][578,391][578,391][579,391][579,390][580,390][581,390][582,390][582,389][583,389][584,388][585,388][585,387][585,386][586,386][586,385][587,385][587,384][587,383][588,382][589,382][589,381][590,379][590,378][590,378][590,377][590,376][590,375][590,375][590,374][590,373][590,372][590,371][590,371][591,369][591,368][591,368][591,367][592,366][593,365][593,364][594,363][595,363][596,361][596,360][596,359][596,358][596,358][596,357][596,356][596,352][596,351][597,350][597,350][597,349][598,348][598,347][599,345][599,344][599,343][600,343][600,342][601,341][601,340][602,339][603,338][604,337][605,337][606,337][607,337][608,337][610,337][612,337][614,337][615,337][617,338][619,338][620,339][621,339][622,339][623,339][624,339][625,339][625,340][626,340][628,340][629,341][632,341][634,341][635,342][637,342]
cr
[550,258][569,251][581,280][595,311][561,286]
pt
[638,331][637,331][635,331][634,331][632,331][630,331][629,331][628,331][627,331][626,331][625,331][624,330][623,330][622,330][622,329][622,329][621,328][620,328][620,327][619,327][619,326][617,326][616,325][615,324][615,323][615,322][615,321][615,321][615,320][616,319][617,318][618,318][619,317][620,317][621,317][622,317][623,316][624,316][625,316][627,316][627,315][627,315][628,315][629,314][630,314][631,313][632,313][633,312][634,312][635,311][636,311][637,310][638,310][639,310]
cr
[523,184][539,153][535,123][540,105][548,94][551,74][531,74][520,89][509,87][499,95][507,114][515,120]
