5
cr
[337,477][347,456][361,450][375,447][389,458][395,464][404,456][414,447][424,443][435,439][443,432][455,438][465,437][475,432][479,430][488,432][495,433][500,426][502,417][505,412][506,412][512,413][516,412][526,409][530,414][534,405][541,407][544,415][547,423][551,420][557,420][568,428][571,437][576,445][579,456][582,463][582,472][581,479]
cr
[367,313][376,293][388,285][397,276][408,270][417,264][425,257][431,259][437,269][444,277][451,287][457,299][457,313][460,323][461,332][465,340][468,356][468,357][474,367][474,368][475,384][483,401][488,415][491,422][494,426][484,425][469,425][461,431][451,431][436,428][421,435][421,436][409,425][393,419][377,416][366,412][358,407][371,389][380,373][380,349][377,323][377,310]
cr
[4,3][4,2][21,3][66,2][347,1][575,4][631,1][638,1][636,71][635,170][637,267][585,295][533,319][506,334][474,349][464,315][461,292][450,271][434,257][416,255][383,280][364,302][364,312][369,326][373,336][376,364][370,382][359,396][349,406][300,429][240,457][202,470][187,478][85,477][36,474][6,476][1,477]
cr
[198,477][218,468][239,462][259,453][279,443][298,434][321,423][341,415][351,409][361,412][376,420][388,420][399,426][408,429][415,436][416,440][406,451][395,459][383,449][371,445][345,454][335,467][334,475][335,478]
cr
[474,354][475,354][511,339][528,327][563,313][583,301][606,290][627,279][636,272][636,311][634,360][636,397][635,436][636,469][636,477][611,479][593,478][584,477][583,456][579,439][570,422][556,416][549,416][543,403][536,403][529,405][529,412][517,408][508,408][500,409][499,416][495,419][495,422][479,388]
