5
cr
[13,45][26,48][41,54][47,66][64,59][78,56][93,55][99,64][105,73][122,79][123,79][129,83][142,95][155,106][164,117][173,129][177,141][188,154][189,162][185,172][184,172][184,173][171,181][170,181][153,182][134,183][117,183][95,169][76,151][65,135][42,117][30,112][15,109][4,104][3,67][4,48][4,38]
cr
[601,0][609,1][620,0][632,0][638,0][636,14][636,31][636,44][636,61][636,71][638,75]
cr
[635,142][635,129][635,115][637,108][630,94][622,72][613,53][602,36][595,20][589,8][570,1][563,1]
pt
[588,0][594,9][594,10][599,21][605,30][609,45][617,53][621,63][621,64][628,77][632,83][632,84][634,93][636,97]
cr
[1,1][208,0][416,0][492,0][545,3][554,5][562,20][575,52][585,66][585,67][593,80][607,104][625,137][631,146][631,147][635,152][635,174][635,220][634,322][633,393][636,447][636,475][382,475][287,477][175,477][113,477][51,479][25,476][7,477][2,478][2,477][2,238][2,165][3,132][5,111][14,109][28,115][39,119][58,135][69,148][92,167][104,176][121,188][131,187][150,185][163,182][179,181][191,171][193,159][186,148][179,134][173,122][157,102][141,87][128,78][123,76][123,75][116,75][108,72][104,65][97,55][94,50][87,50][72,54][60,56][52,60][48,62][33,48][18,44][12,41][7,38][3,36]
