10
pt
[65,120][67,130][74,132][72,137][72,142][65,144][60,166][65,169][60,178][59,186][56,194][59,201][58,212][54,217][54,224][54,229][57,232][65,237][57,243][56,251][65,256][66,262][64,269][58,276][51,281][49,290][52,300][43,307][48,306][55,292][62,289][60,293][63,296][68,299][73,298][81,283][87,269][87,258][91,247][91,237][92,227][97,218][103,204][106,197][112,187][116,178][121,166][123,153][123,142][126,133][129,124][129,120][130,114][128,107][128,101][133,92][134,87][134,80][131,72][126,68][123,64][118,61][117,66][119,73][119,82][118,88][115,94][110,100][106,98][103,96][101,96][93,94][89,98][85,100][81,103][77,109][74,111][71,115][67,118][65,121]
pt
[25,1][28,6][33,12][30,21][33,31][33,39][37,45][42,55][41,59][37,63][33,65][36,71][40,77][37,84][38,88][36,96][34,99][33,105][28,109][25,113][22,120][16,124][15,129][21,137][29,133][33,130][39,136][38,141][37,145][36,150][32,156][31,161][27,165][26,169][21,177][22,179][17,184][14,189][12,194][13,203][17,208][18,215][17,220][17,223][16,228][16,236][15,240][9,240][12,245][13,249][14,253][12,255][9,257][5,252][2,251][2,257][6,261][11,265][16,269][20,268][22,268][24,271][22,276][21,281][21,286][22,292][22,294][22,300][18,302][16,302][18,307][23,311][25,315][28,318][27,321][29,324][34,327][35,326][34,321][34,316][31,311][34,311][35,311][37,313][41,317][44,321][44,327][40,329][40,332][41,332][42,332][44,329][48,328][52,329][56,330][58,329][63,326][67,325][71,323][76,323][80,320][79,318][83,318][86,313][89,310][92,308][95,306][97,305][101,301][103,299][106,297][109,295][112,295][113,295][118,292][119,293][126,291][127,289][125,284][124,280][122,274][121,271][130,275][132,280][134,282][138,285][140,285][142,288][144,291][147,293][148,295][148,299][146,305][145,310][144,310][143,315][143,316][142,320][137,323][135,325][133,326][133,328][136,331][137,334][142,335][144,338][147,339][149,342][146,344][146,349][146,352][148,356][153,354][157,349][158,345][161,342][165,341][167,340][166,346][162,350][162,353][162,355][165,358][166,361][170,361][173,359][171,356][171,351][173,347][174,344][182,348][184,348][187,344][191,346][193,348][191,351][199,358][200,366][202,368][212,365][220,375][225,371][229,376][237,377][238,377][239,386][240,390][240,391][240,392][241,392][242,395][235,417][235,418][231,424][226,425][223,419][222,413][222,407][219,403][217,400][215,406][208,403][202,400][197,393][194,387][195,382][194,377][187,377][183,376][184,370][181,367][177,366][173,366][169,368][169,371][174,375][175,379][167,385][165,391][160,392][160,397][161,401][165,402][167,405][166,410][162,410][161,413][164,420][167,418][171,419][175,425][178,426][181,424][188,428][191,431][193,437][193,442][192,447][195,449][201,454][203,455][204,452][205,452][205,447][206,444][214,447][219,447][224,447][227,447][223,439][224,436][229,432][236,431][240,432][243,427][254,415][257,420][267,417][272,419][278,420][278,421][278,414][279,414][279,410][282,408][287,414][288,417][293,413][294,411][297,407][302,407][310,410][312,412][313,413][318,417][319,417][321,422][327,425][326,433][329,441][336,449][342,452][347,460][350,468][351,468][353,473][358,475][361,476][366,473][369,470][373,473][379,477][380,478]
pt
[576,476][576,465][576,464][581,449][583,436][587,428][594,424][598,418][598,405][599,393][599,380][601,373][596,367][599,353][598,340][600,336][603,332][604,328][601,319][600,313][599,308][599,300][596,295][595,289][595,274][595,267][595,266][599,254][599,246][604,244][609,246][613,248][617,250][620,249][623,250][625,246][622,243][612,239][607,234][604,232][610,217][612,207][612,201][613,200][614,194][617,188][620,184][624,179][626,175][632,175][633,175][635,176][637,178][638,179][639,179]
pt
[112,1][110,8][111,12][112,16][117,16][113,20][117,23][115,30][114,36][115,43][114,50][113,55][117,60][121,63][125,67][128,67][130,72][131,76][135,82][140,84][140,83][147,85][150,88][156,90][161,89][166,90][174,91][181,92][187,90][194,88][201,82][205,80][212,75][219,70][226,67][233,63][241,62][246,56][251,51][257,46][263,43][264,43][269,40][272,35][279,32][279,25][279,21][277,15][275,12][277,8][282,6][285,3][288,1]
pt
[156,35][162,34][163,34][167,32][170,23][172,22][173,21][178,22][183,22][186,21][188,24][190,30][197,32][198,41][207,42][213,42][216,38][221,33][224,29][229,29][232,31][236,37][243,42][240,46][234,53][231,45][224,45][217,48][222,54][226,59][222,60][220,61][217,58][210,55][206,56][201,58][199,61][193,54][186,59][174,54][164,48][156,34]
pt
[1,322][4,328][7,331][10,337][12,342][11,347][8,352][0,357]
pt
[134,275][140,272][143,268][142,266][147,258][154,253][159,250][160,250][160,239][162,231][162,221][170,218][176,213][181,206][183,199][185,190][193,182][202,174][205,166][210,155][209,149][207,136][210,130][218,128][221,129][222,129][227,124][228,119][231,110][234,105][238,104][244,101][247,95][251,84][256,79][259,73][263,65][264,59][266,54][273,49][280,44][288,40][295,34][297,29][302,22][311,14][312,8][319,0]
pt
[98,115][100,119][101,119][103,120][105,122][108,120][109,117][109,112][109,108][107,108][104,108][101,106][99,109][98,112][99,115]
pt
[125,476][120,468][116,459][114,449][114,442][114,441][114,432][119,428][119,421][112,420][106,425][101,421][100,412][92,407][87,401][80,403][75,404][71,406][66,411][65,418][60,423][57,432][54,439][48,440][44,443][41,448][39,437][42,428][48,420][50,415][57,408][61,403][61,402][64,395][63,389][55,384][51,386][51,377][54,374][61,362][61,354][62,353][63,352][65,348][75,347][85,349][90,341][90,335][91,334][92,333][92,332][93,332][96,324][96,316][103,311][104,313][103,318][103,319][104,323][104,332][104,333][104,337][106,338][106,339][108,342][109,342][108,347][105,355][112,353][118,354][120,361][126,368][129,374][134,386][136,391][136,396][140,401][145,408][157,422][161,429][163,435][166,440][166,441][173,445][176,449][181,454][186,454][192,460][197,465][201,468][209,469][218,469][222,468][224,473][227,471][232,467][235,464][240,461][245,460][253,458][262,460][265,464][271,466][272,466][272,467][274,471][280,473][287,477][290,479]
pt
[613,1][618,12][619,17][622,24][625,31][630,40][634,44][636,51][636,59][637,68][637,69][637,72]
