6
pt
[271,2][266,6][260,12][259,12][251,14][248,18][246,24][243,28][242,28][237,32][237,33][236,33][233,37][233,38][232,38][227,40][226,40][220,37][218,42][218,48][218,52][214,55][211,61][210,61][205,64][199,69][189,73][187,77][184,81][183,81][179,83][178,83][172,84][163,83][156,86][153,89][148,96][143,102][142,109][137,112][137,116][139,122][138,131][136,142][137,149][138,156][137,165][140,170][140,176][141,189][140,195][139,195][139,194][138,194][135,201][128,207][129,211][128,222][128,230][129,237][132,237][136,244][135,249][135,250][134,250][133,253][135,258][135,265][130,267][133,276][136,282][135,282][134,282][133,282][139,288][146,294][147,301][152,304][157,309][158,309][167,313][170,317][178,317][184,317][186,318][188,321][196,319][197,319][198,319][198,318][202,318][208,320][209,315][209,314][212,310][212,309][213,309][214,309][215,308][216,308][217,307][222,301][226,306][233,305][236,298][237,298][241,296][246,293][256,290][261,289][261,288][267,280][272,273][281,272][289,270][293,264][296,258][298,250][297,245][294,240][300,234][307,228][317,220][318,220][317,216][324,210][332,204][335,202][339,195][345,190][345,189][350,184][356,177][358,172][362,163][366,157][372,150][373,144][375,139][382,133][387,131][394,128][401,124][403,119][408,114][412,113][419,112][418,105][422,101][424,104][429,109][430,105][434,102][435,95][436,89][435,83][439,78][443,75][448,75][453,74][457,76][458,81][460,87][462,96][464,105][469,107][470,107][475,105][480,106][485,105][494,106][499,108][502,103][503,98][503,97][505,91][505,87][510,84][513,80][519,76][526,67][528,61][524,56][524,48][517,44][515,38][515,36][512,29][509,25][504,22][503,17][507,11][511,9][512,9][518,8][522,8][522,3][523,1][271,2]
pt
[81,114][81,121][78,126][79,130][81,134][84,139][90,143][98,143][105,139][107,135][108,127][109,123][106,115][103,111][99,113][96,111][91,109][84,110][80,115]
pt
[2,175][7,178][13,184][20,191][20,192][28,197][33,203][37,212][40,221][44,228][49,241][45,254][49,262][61,271][61,278][58,285][49,290][58,307][56,312][55,321][52,327][47,337][48,337][43,346][36,348][27,350][25,353][32,361][39,368][45,360][46,360][47,360][53,356][59,362][59,364][57,371][55,377][48,385][45,388][47,394][50,401][44,407][37,407][33,412][32,421][32,427][36,432][38,444][37,449][35,458][25,467][16,473][6,475][1,476][1,174]
pt
[9,1][15,5][24,14][29,16][32,17][24,18][19,21][18,27][19,33][23,38][26,45][27,45][27,46][33,52][34,52][41,61][49,68][50,68][51,68][57,76][63,77][70,82][76,89][85,96][94,99][101,104][110,106][119,110][128,113][132,111][136,107][139,103][140,95][144,92][149,89][153,84][158,80][164,78][168,70][167,63][165,56][164,51][168,47][171,41][169,35][159,30][155,24][145,19][143,16][143,10][145,6][146,2][145,0][11,0]
pt
[82,477][80,475][77,473][79,469][82,467][82,466][83,466][85,463][80,460][80,456][74,452][74,445][75,439][78,437][80,430][77,426][78,420][81,415][79,409][80,404][81,400][83,397][81,391][81,386][83,383][81,375][87,370][91,366][90,361][87,358][87,357][85,352][85,347][86,342][88,340][91,338][92,334][95,333][95,332][98,329][104,325][110,323][119,323][122,323][130,325][134,322][136,317][140,311][140,310][133,310][129,310][124,308][124,303][122,297][124,292][126,286][127,286][131,284][136,288][139,293][142,296][144,302][151,307][156,311][156,316][155,319][153,327][152,333][151,338][152,342][152,348][151,356][151,359][150,362][150,369][148,374][148,381][145,389][143,397][139,407][135,417][133,420][133,421][132,422][132,423][131,423][126,428][124,436][124,440][124,441][122,447][121,447][118,452][116,458][117,467][117,468][117,473][117,474][114,478][82,477]
pt
[179,478][176,471][177,464][177,456][181,449][184,447][185,447][189,443][194,436][202,427][208,419][217,407][222,402][229,397][231,392][231,385][232,376][229,368][230,360][238,365][242,365][246,355][248,350][250,339][257,336][258,336][265,328][266,328][266,327][268,324][268,323][269,323][273,319][273,318][275,309][278,300][285,296][286,287][293,282][299,280][305,276][311,267][314,258][318,252][322,247][330,242][335,237][339,231][340,231][344,227][349,218][353,210][353,209][359,203][360,190][362,186][365,184][369,183][375,178][378,176][382,175][388,174][394,166][399,160][401,151][407,146][411,137][416,130][420,126][425,118][429,115][433,114][443,108][454,105][459,105][463,109][464,109][469,109][476,109][479,109][479,110][490,109][495,109][497,111][503,111][503,107][503,106][503,105][504,105][506,99][508,95][513,88][517,83][522,89][531,95][536,97][543,101][550,105][557,111][565,117][570,119][578,120][579,120][579,121][584,125][584,126][596,131][604,137][611,142][617,143][618,144][630,152][638,157][638,407][636,410][631,418][629,426][629,433][629,434][627,442][627,447][627,448][627,449][622,455][621,455][621,456][616,463][620,467][616,472][614,476][611,478][180,477][178,476]
