7
pt
[350,0][169,95][172,82][176,75][176,66][180,53][179,41][211,28][226,30][226,30][227,30][227,29][228,29][228,28][229,28][230,28][230,27][230,27][231,26][231,26][231,26][232,25][232,25][233,25][234,25][234,25][235,25][235,25][236,25][236,25][237,25][237,25][238,25][238,25][238,24][239,24][239,24][240,24][240,24][241,24][242,24][242,24][243,24][243,24][244,24][244,24][244,24][244,23][245,23][245,22][245,22][246,22][246,21][246,21][247,21][270,22][277,17][290,10][304,5][314,6][324,9][336,4][335,0][227,0][221,9][209,10][196,8][196,8][195,8][194,7][192,6][192,5][191,5][190,4][190,4][189,4][188,4][188,3][187,3][187,2][186,2][186,2][186,2][185,2][184,2][184,2][183,2][183,2][182,2][182,1][182,1][181,1][181,1][180,1][180,1][135,0][129,5][120,22][99,32][82,39][72,32][64,34][55,32][50,30][49,37][50,51][44,61][63,68][77,76][85,87][95,137][0,188]
pt
[0,193][98,141][103,164][105,190][105,190][105,190][105,190][103,225][106,239][121,237][122,237][122,237][123,237][123,237][124,237][124,237][125,237][126,237][126,237][127,237][127,237][128,237][128,237][129,237][130,237][130,237][131,237][131,237][132,237][132,237][133,237][134,237][142,238][153,237][165,235][163,224][163,222][163,221][163,220][162,219][162,218][162,218][162,217][162,217][162,217][161,217][161,216][160,216][160,215][160,215][159,215][159,215][163,208][162,195][166,188][164,178][165,169][168,162][163,157][170,150][169,121][167,116][170,108][170,101][363,0]
pt
[639,46][622,81][610,100][595,117][580,135][569,156][542,185][506,212][500,218][495,230][484,245][480,251][469,258][462,269][454,281][447,287][442,293][440,301][438,309][434,315][433,318][430,322][417,331][397,342][379,349][368,357][360,368][352,382][350,388][342,398][333,408][321,421][313,434][304,451][294,464][278,479]
pt
[287,479][301,466][309,458][325,428][340,410][354,394][367,368][376,358][391,351][408,344][425,333][439,321][442,316][451,308][454,300][458,287][458,287][474,264][477,260][488,252][496,239][507,222][514,214][544,192][574,162][586,139][604,119][618,101][622,99][625,95][638,88][639,88]
pt
[639,62][633,76][630,83][622,92][639,78]
cr
[446,306][446,297][451,290][450,299]
cr
[512,425][512,408][514,390][514,375][508,360][493,352][495,340][502,330][510,328][515,336][524,330][528,319][538,314][546,314][548,328][546,333][540,338][533,351][530,363][533,380][531,395][528,409][522,408][517,409]
