18
pt
[0,224][11,224][15,224][22,232][21,236][22,241][22,244][21,248][20,253][14,253][5,254][0,249]
pt
[0,446][159,364][155,343][148,320][137,303][106,288][112,275][111,260][122,263][127,264][135,260][146,266][160,260][171,254][181,244][195,230][205,220][221,215][234,216][245,231][260,239][270,239][270,238][271,238][272,238][273,238][274,238][274,238][275,238][276,238][277,238][278,238][278,238][279,238][280,238][280,237][292,232][302,236][312,225][322,220][349,220][357,225][370,226][382,225][382,225][383,225][383,226][384,226][384,227][385,227][385,228][386,228][386,228][387,228][387,228][394,229][402,234][407,225][422,220][433,216][459,187][458,181][463,179][473,165][473,164][474,164][474,164][474,163][474,163][474,162][474,161][482,167][489,164][493,155][507,152][510,148][510,147][510,146][510,145][510,145][510,144][510,144][511,144][511,143][511,142][512,141][514,131][530,107][533,111][539,108][545,111][546,111][546,111][546,110][547,110][548,110][548,109][549,109][550,109][550,108][551,108][565,99][565,91][566,91][566,91][567,91][568,91][569,91][570,91][570,91][570,90][571,90][571,89][572,89][578,80][586,77][600,80][610,91][602,103][592,108][595,116][595,116][595,117][594,117][594,118][594,119][586,120][583,116][582,116][582,117][581,118][581,119][580,119][579,119][579,120][578,120][578,120][578,120][577,120][576,120][576,121][575,121][556,114][550,113][545,118][542,127][534,139][530,141][532,146][529,155][515,164][517,168][508,165][498,172][491,180][480,184][478,187][478,188][486,191][494,185][504,180][639,106]
pt
[109,257][109,256][108,256][108,255][108,254][108,253][108,252][108,252][108,251][108,250][108,249][107,241][98,235][92,230][84,225][71,222][62,218][54,216][46,216][47,208][66,211][78,217][86,220][96,222][109,220][126,213][139,207][166,191][182,185][205,180][218,176][234,170][253,170][270,174][283,178][295,176][314,179][328,178][355,174][374,171][386,172][402,176][414,176][428,177][438,176][458,181]
pt
[113,256][113,256][113,255][113,254][113,253][113,252][113,252][113,251][113,250][113,249][113,248][113,248][113,247][113,246][113,245][113,244][113,244][114,244][114,243][114,242][114,241][114,240][114,240][109,233][99,228][113,227][142,217][178,193][199,187][210,187][235,177][252,176][286,187][296,183][313,187][342,185][370,179][391,181][410,180][418,183][433,183][440,183][453,188][455,189]
pt
[462,180][477,188]
pt
[459,187][477,193][474,197][402,235]
pt
[234,323][236,309][240,293][243,280][255,268][275,260][288,262][289,262][290,262][290,262][291,262][306,252][318,255][329,260][341,254][355,243][368,239][381,240][388,242][401,236]
pt
[234,323][237,323][389,241]
pt
[639,115][498,194][504,196][505,196][506,196][506,197][506,197][507,197][508,197][509,197][509,198][521,197][522,197][522,197][523,197][523,198][524,198][525,198][526,199][526,199][534,202][550,204][554,208][568,208][583,209][599,213][609,216][639,219]
pt
[639,224][638,224][629,226][610,227][602,222][582,218][568,215][553,214][548,212][544,209][533,208][527,205][518,204][508,204][501,202][491,197][482,200][474,207][233,336][230,338][231,384][228,404][227,423][227,441][223,448][229,456][227,465][226,468][218,467][209,467][203,468][198,464][197,468][197,470][193,470][192,470][191,470][190,470][190,470][190,470][184,465][176,472][171,468][166,465][166,456][166,445][167,432][166,418][166,406][163,392][161,383][159,372][0,454][0,454]
pt
[112,253][112,259][109,254]
pt
[537,479][542,476][561,446][570,440][595,420][610,407][630,388][639,373]
pt
[550,479][567,452][600,427][623,404][639,390]
cr
[86,143][94,147][100,147][98,136][90,134]
cr
[90,172][89,172][88,172][87,172][86,172][86,172][85,172][84,172][83,171][82,171][82,171][81,171][78,162][83,156][89,154][91,164]
cr
[19,253][35,258][53,252][63,252][70,243][71,232][72,232][74,232][74,232][75,232][76,232][77,232][78,232][78,232][79,232][79,231][80,231][81,231][82,231][78,224][67,221][55,216][46,224][33,231][22,232][23,244]
cr
[34,258][33,259][32,260][32,260][31,261][30,262][30,263][29,264][28,264][27,264][26,264][26,264][26,265][25,265][24,265][23,265][23,266][22,266][18,270][20,274][15,288][11,292][25,314][31,318][22,327][30,335][34,340][28,344][30,354][39,356][45,360][57,363][64,360][68,354][71,345][71,344][71,344][71,343][70,343][70,342][70,341][70,340][70,340][70,340][70,339][70,338][69,338][69,337][77,333][85,323][76,317][76,312][61,308][60,302][68,300][74,297][74,291][74,290][75,289][76,289][76,288][77,288][77,288][78,288][78,287][78,287][78,286][78,285][78,280][77,280][76,279][75,279][74,279][73,278][72,278][71,278][70,278][70,278][70,277][69,277][68,277][67,277][66,276][66,276][65,276][65,276][65,267][65,257][64,252][54,252]
cr
[26,409][26,408][26,408][26,408][26,407][26,406][25,406][25,405][24,405][23,405][22,405][22,405][21,405][9,403][15,388][16,388][17,388][18,388][18,388][19,388][20,388][20,387][21,387][21,386][22,386][22,385][22,385][22,384][23,384][24,384][25,384][26,384][26,384][27,384][28,384][29,384][30,384][30,384][31,384][31,383][32,383][32,382][33,382][33,381][34,381][34,381][34,380][34,380][34,380][33,380][32,380][31,380][30,380][30,379][30,379][29,379][28,379][28,378][27,378][27,377][26,377][26,376][26,376][26,375][26,374][26,373][27,373][27,372][27,372][28,371][28,370][28,369][28,368][28,368][29,368][29,367][29,366][30,365][30,364][30,364][30,364][30,363][31,363][32,363][33,363][34,363][34,363][34,364][34,364][34,365][35,365][35,366][35,367][35,368][35,368][35,369][35,370][35,371][36,371][37,371][37,372][38,372][38,372][39,372][40,372][41,372][41,371][42,371][42,371][42,370][43,370][44,370][45,370][46,370][46,370][47,370][48,370][49,370][50,370][50,369][51,369][52,369][53,369][54,369][54,369][55,369][56,369][57,369][57,368][58,368][58,368][59,368][60,368][61,368][62,368][62,368][63,368][64,368][65,368][66,368][66,368][67,368][68,368][69,368][70,368][70,368][71,368][72,368][73,368][74,368][74,368][74,368][74,367][75,367][76,367][77,366][78,366][78,366][79,366][80,366][81,366][82,367][82,367][82,368][82,368][82,369][82,368][83,368][83,367][84,367][84,366][84,365][85,365][85,364][86,364][86,364][87,364][88,364][89,364][90,364][90,364][90,364][91,364][92,364][93,364][94,364][94,364][94,365][94,365][94,366][94,367][94,368][95,368][95,368][95,369][95,370][96,370][96,371][97,371][97,372][98,372][98,372][98,372][98,373][98,374][98,375][99,375][99,376][99,376][100,376][100,377][100,378][100,379][100,380][100,380][100,381][99,381][99,382][98,382][98,383][98,383][97,384][96,384][95,384][95,385][94,385][94,386][94,386][93,386][92,386][91,386][91,387][90,387][90,387][89,387][88,387][88,386][88,385][88,384][87,384][86,384][86,384][85,384][84,384][83,384][83,385][83,386][82,386][82,387][82,387][82,388][82,388][82,389][82,390][82,391][82,392][81,392][81,392][80,393][79,394][78,394][78,395][78,395][77,395][76,395][76,394][75,394][75,393][75,392][74,392][74,392][73,392][72,392][71,392][71,393][70,393][70,393][70,394][69,394][69,395][69,396][68,396][68,396][68,397][69,397][70,397][70,397][70,398][71,398][72,398][73,398][74,399][74,399][74,400][75,400][76,400][77,400][77,400][77,401][77,402][76,405][41,422][47,412][47,412][47,411][47,410][48,410][48,409][48,408][49,408][49,407][50,407][50,406][50,405][51,405][52,405][53,405][54,405][54,404][54,404][54,403][54,402][54,401][54,400][54,400][54,399][53,398][53,397][52,397][52,396][51,396][50,396][50,396][49,396][48,396][48,397][47,397][47,398][46,398][46,399][46,400][46,400][46,401][46,402][46,403][46,404][46,404][45,404][45,405][44,405][43,406][42,406][42,406][41,406][41,407][40,407][40,408][39,408][39,408][38,408][38,409][38,409][38,410][37,410][37,411][36,411][36,412][35,412][34,412][34,412][34,412][33,412][32,412][31,412][30,412][30,413][30,413]
