10
pt
[282,1][287,9][288,9][288,10][288,11][288,12][288,12][288,13][288,14][288,15][288,16][288,16][288,17][288,18][288,19][288,20][288,30][286,38][291,36][291,36][292,36][293,35][294,34][294,33][295,32][296,32][297,32][297,32][298,32][298,32][298,31][299,31][300,31][301,31][302,31][302,31][303,31][303,32][303,32][303,33][303,34][302,42][311,58][311,59][312,59][313,59][314,59][314,59][315,59][316,59][316,58][317,58][318,58][318,58][319,58][320,58][321,58][322,59][318,68][324,71][328,76][328,76][329,76][330,76][330,76][331,76][332,77][333,77][334,77][334,77][335,77][336,77][340,83][340,84][341,84][342,84][342,84][343,84][344,84][345,84][346,84][346,84][347,84][348,84][349,84][350,84][350,84][355,76][349,74][349,73][349,72][350,72][350,72][350,72][350,71][348,68][341,69][338,63][330,62][327,61][330,53][331,48][331,41][331,40][332,40][334,39][335,37][336,37][336,36][337,36][337,36][338,36][338,35][338,35][352,48][354,51][362,40][364,36][366,40][374,44][380,44][380,44][380,43][380,42][380,41][380,40][381,40][381,40][382,40][382,40][383,40][383,40][384,40][385,40][386,40][386,41][386,42][386,43][387,43][387,44][388,44][389,44][390,44][390,44][391,44][392,44][393,44][394,44][394,44][394,43][401,36][398,28][392,26][390,28][386,24][392,17][393,17][394,17][394,17][395,18][396,18][397,18][397,19][398,19][398,19][399,19][399,20][399,20][400,20][400,21][401,21][409,13][413,4][415,4][423,8][422,20][424,24][429,24][429,24][430,24][430,25][430,25][430,26][430,27][431,27][431,28][429,32][434,36][438,30][440,30][445,22][448,19][444,14][435,18][434,18][434,18][433,18][432,18][432,17][431,17][439,7][429,0]
pt
[347,0][347,1][348,1][348,2][348,3][349,3][349,4][349,4][349,5][349,6][348,6][348,7][347,7][347,8][346,8][346,8][346,9][346,10][346,11][346,12][346,12][346,13][346,14][347,14][347,15][347,16][347,16][347,17][348,17][348,18][349,18][349,19][350,19][350,20][350,20][351,20][352,20][353,20][354,20][354,20][354,21][355,21][356,22][357,22][357,23][358,23][358,24][358,24][358,24][359,24][360,24][360,24][361,23][361,22][362,22][362,21][362,20][363,20][364,20][364,20][365,20][366,20][366,20][366,19][367,19][367,18][367,17][368,17][368,16][368,16][369,16][369,15][370,15][370,14][370,13][370,13][370,12][371,12][372,12][373,12][374,12][374,12][374,12][375,12][375,11][375,10][375,9][375,8][375,8][375,7][375,6][375,5][375,4][375,4][376,4][377,3][378,3][378,3][378,2][379,2][380,2][381,1][382,0][382,0][382,0]
pt
[449,17][454,11][454,4][458,0]
pt
[559,0][574,8][579,8][586,10][587,10][588,10][589,10][590,10][590,10][590,9][591,9][592,9][593,9][593,10][593,11][593,12][593,12][593,13][593,14][593,15][593,16][594,16][594,16][594,16][595,16][596,17][597,17][598,17][598,17][599,17][600,17][601,17][602,17][602,17][602,18][603,18][604,18][605,18][606,18][606,19][606,19][607,19][608,19][608,20][609,20][610,20][610,20][611,20][612,20][613,20][614,20][614,20][615,20][616,20][617,20][617,19][618,19][618,19][619,19][620,19][621,19][622,19][622,20][622,20][623,20][624,20][625,20][626,20][626,20][627,20][628,20][629,20][630,20][630,20][631,20][632,20][633,20][634,20][634,19][634,18][634,18][635,18][636,18][636,17][637,17][637,16][637,16][638,16][638,15][638,14][638,14][639,14][639,13]
pt
[434,36][428,36][433,45][434,52][442,56][439,62][430,54][430,53][430,53][429,53][428,53][427,53][427,52][426,52][426,52][426,52][425,52][424,52][423,52][422,52][422,52][421,52][420,52][419,52][419,51][419,50][419,49][418,49][418,48][418,48][418,48][417,48][416,48][416,47][415,47][415,46][414,46][414,45][413,45][412,45][411,45][410,45][410,45][409,45][409,46][408,46][408,47][408,48][407,48][407,48][406,48][406,48][405,48][404,48][403,48][402,48][402,48][401,48][400,48][399,48][399,49][399,50][399,51][399,52][399,52][400,52][400,53][400,54][401,54][401,55][401,56][401,56][401,57][400,57][400,58][399,58][399,59][398,59][398,60][398,60][397,60][396,60][395,60][394,60][394,60][393,60][392,60][391,60][390,60][390,60][390,60][390,61][389,61][389,62][388,62][388,63][387,63][387,64][386,64][386,64][386,65][386,65][386,66][385,66][385,67][384,67][384,68][384,68][383,68][383,69][383,70][382,70][382,71][382,72][381,72][380,72][379,72][379,72][378,72][378,72][377,72][376,72][375,72][374,72][374,72][373,72][373,72][373,71][373,70][373,69][373,68][373,68][374,68][374,67][374,66][374,66][374,65][375,65][376,65][377,65][378,64][378,64][379,64][379,64][378,64][378,63][378,63][377,63][376,62][375,62][375,61][374,61][374,60][374,60][374,59][373,59][373,58][372,58][371,58][371,59][370,59][370,59][370,60][369,60][368,60][368,61][367,61][366,61][366,62][366,62][365,62][365,63][364,64][364,64][363,64][362,64][362,65][362,66][362,66][361,66][361,67][360,67][359,67][358,67][358,67][357,67][357,66][357,65][357,64][356,64][356,64][355,63][355,62][354,62][354,61][354,60][354,60][354,60][354,59][354,58][354,57][354,56][354,56][354,55][354,54][354,53][354,52][354,52][354,51][354,50][354,49][354,48][354,48]
pt
[402,57][402,58][402,59][403,59][403,60][404,60][404,60][405,60][406,60][406,60][407,60][408,60][409,60][410,60][410,60][410,60][411,60][412,60][413,60][414,60][414,60][415,60][416,60][416,59][417,59][417,58][417,57][417,56][418,56][418,55][418,55][418,54][418,53][419,53][419,52][420,52][420,52][421,52]
pt
[302,44][299,54][297,61][299,67][305,70][305,78][305,79][305,80][306,80][306,81][306,82][306,83][306,84][307,84][308,84][309,84][310,84][310,84][310,85][311,85][311,86][312,86][312,87][312,88][313,88][314,88][314,88][314,88][315,88][315,89][315,90][315,91][315,92][315,92][316,92][316,93][316,94][317,94][318,94][318,94][319,94][320,94][321,94][321,95][322,95][322,96][322,96][322,96][322,97][323,98][323,99][323,100][324,100][324,100][324,101][324,102][325,102][325,103][326,103][326,103][326,104][327,104][327,104][328,104][328,105][329,105][329,106][329,107][329,108][329,108][329,109][329,110][329,111][330,111][330,112][330,112][330,112][331,113][332,113][333,113][333,114][334,114][334,115][334,116][334,116][334,117][334,118][334,119][334,120][334,120][334,121][334,122][334,123][334,123][334,124][335,124][335,124][336,124][337,124][337,125][337,126][338,126][333,132][339,143][346,132][359,131][373,140][378,138][370,127][373,117][373,116][372,116][372,116][372,115][371,115][371,114][370,114][370,113][370,113][370,112][369,112][368,111][367,111][366,111][366,111][365,111][364,112][364,112][363,112][363,113][362,113][362,114][362,114][361,114][360,114][359,114][358,114][358,114][357,114][357,113][356,113][355,113][355,112][354,112][354,112][354,112][353,111][352,111][352,110][352,109][351,109][350,108][350,108][350,108][349,108][349,107][349,106][349,105][349,104][349,104][349,103][350,102][350,101][350,100][350,100][350,100][350,99][351,98][352,98][353,98][353,97][353,96][353,96][353,95][353,94][353,93][354,92][354,92][354,91][354,90][354,89][354,88][354,88][354,87][353,87][353,86][352,86][352,85][351,84][351,84][351,83][351,82]
pt
[339,144][339,144][340,144][341,144][342,144][342,144][343,145][343,146][344,146][344,147][344,148][345,148][345,148][345,149][345,150][345,151][345,152][345,152][345,153][345,154][345,155][344,156][344,156][344,157][344,158][343,158][342,159][342,159][342,160][342,160][342,161][342,162][342,163][342,164][341,164][341,164][340,164][339,164][338,164][338,165][338,166][338,167][339,167][339,168][340,168][340,168][341,168][342,169][342,169][342,170][343,170][343,171][343,172][343,172][343,173][344,173][344,174][344,175][345,175][345,176][346,176][346,176][346,176][346,177][347,177][348,178][349,178][349,179][350,179][350,180][350,180][350,180][350,181][350,182][350,183][350,184][350,184][351,185][351,186][351,187][352,187][352,188][353,188][353,188][354,189][354,190][354,191][355,192][355,192][356,193][356,194][357,195][357,196][357,196][358,196][358,197][358,197][358,198][359,198][360,198][360,199][361,199][361,200][361,200][361,201][361,202][361,203][361,204][361,204][362,205][362,205][363,206][364,207][364,208][364,208][364,209][365,209][365,210][365,211][366,211][366,212][366,212][366,212][367,213][367,214][368,214][368,215][369,215][370,215][370,215][371,215][372,215][373,215][374,215][374,215][374,214][375,214][375,213][375,212][375,212][375,211][375,210][375,209][375,208][375,208][374,208][374,207][374,207][373,207][372,207][371,207][370,207][370,207][370,206][369,206][369,205][369,204][368,204][368,204][367,203][367,202][367,201][367,200][367,200][368,200][368,199][369,199][370,199][370,199][371,199][372,199][373,199][374,199][374,198][374,197][374,196][374,196][374,195][373,194][373,193][372,193][372,192][374,192][374,192][375,192][376,192][377,191][378,191][378,190][378,189][378,188][378,188][378,187][377,187][377,186][377,185][377,184][378,184][378,184][377,184][376,184][375,184][374,184][374,183][374,182][374,181][374,180][375,180][375,180][376,179][377,179][377,178][378,178][378,178][379,177][380,177][381,177][382,176][382,176][383,176][384,176][385,176][386,176][386,176][387,176][387,175][388,175][388,174][389,174][389,173][389,172][389,172][389,171][389,170][389,169][389,168][389,168][389,167][389,166][389,165][389,164][388,164][388,163][388,162][387,161][387,160][387,160][387,159][387,158][387,157][388,157][388,156][389,156][390,156][390,156][391,156][392,156][392,155][393,155][394,155][394,155][394,154][395,154][395,153][395,152][395,152][394,152][394,151][393,151][392,151][391,151][390,151][390,151][389,151][388,150][387,150][386,150][386,149][386,149][385,149][385,148][384,148][383,148][382,148][382,148][381,148][380,148][379,149][378,149][378,150][378,150][378,151][377,151][376,151][376,152][375,152][375,152][374,152][374,153][374,154][374,154][373,154][372,154][371,153][370,152][370,152][370,152][369,152][368,152][368,151][367,151][367,150][366,150][366,149][366,148][366,148][365,148][364,148][364,149][363,149][363,150][362,150][362,151][361,151][361,152][360,152][360,152][360,153][359,153][359,154][358,155][358,156][357,156][357,155][356,155][356,154][355,154][355,153][354,153][354,152][354,152][354,152][353,152][352,151][351,151][351,150][351,149][350,149][350,149][349,149][349,148][348,148][347,148][347,148][346,148][346,147][346,147][345,147][344,147]
pt
[380,139][381,139][382,139][382,139][383,139][384,139][385,139][385,140][386,140][386,140][386,140][387,140][387,141][388,141][388,142][389,142][390,142][390,143][390,143][391,143][392,143][392,144][393,144][394,144][394,144][395,144][396,144][397,144][397,145][398,145][398,145][398,146][399,146][399,147][400,147][401,147][401,148][400,148][399,148][398,148][398,148][397,148][396,148][395,148][394,148][394,148][393,148][393,147][392,147][392,148][391,148][391,148][391,149][390,149][390,150][390,151]
pt
[384,140][376,138]
