15
pt
[35,478][46,470][53,471][53,470][53,469][53,468][53,468][53,467][53,466][52,466][51,466][51,465][50,465][50,465][49,465][48,465][47,465][47,466][46,466][46,467][46,467][46,466][46,465][46,464][46,464][46,463][46,462][46,461][46,460][45,460][45,460][44,460][44,459][43,459][43,458][42,458][42,457][42,457][42,456][41,456][41,456][41,455][40,455][40,454][39,454][38,453][38,452][38,452][38,452][38,451][38,450][38,449][38,448][38,448][38,447][38,446][38,446][38,445][39,445][40,445][41,445][42,445][42,445][42,446][43,446][44,447][44,448][45,448][46,448][46,448][46,447][46,446][46,445][47,444][47,444][47,443][48,443][49,443][50,442][50,442][51,442][52,442][53,442][54,442][54,442][55,443][55,444][56,444][56,444][57,444][57,445][57,446][58,446][58,447][58,447][59,447][60,447][61,447][62,447][62,447][62,446][62,445][63,445][63,444][64,444][64,444][64,443][64,442][64,441][63,441][62,441][62,441][61,441][60,441][59,441][58,441][58,441][58,440][58,440][58,439][58,438][58,437][58,436][58,436][58,435][58,434][58,433][58,432][58,432][59,432][60,432][61,432][62,432][62,432][63,432][64,432][65,432][66,432][66,431][66,430][66,429][66,429][66,428][66,428][67,428][67,427][68,426][69,426][70,426][70,426][71,426][72,427][72,428][73,428][73,428][74,428][74,429][74,429][74,430][74,431][75,431][76,431][77,431][78,431][78,431][79,431][80,431][81,431][82,431][82,431][83,431][84,431][85,431][86,431][86,432][86,432][86,432][87,433][88,433][89,433][90,434][90,434][91,434][91,435][92,435][93,435][94,435][94,436][94,436][94,436][95,436][96,437][97,438][97,439][98,439][98,440][98,440][98,440][99,440][100,440][100,441][100,442][99,442][98,442][98,443][98,443][98,444][97,444][97,444][96,444][95,445][94,445][94,445][93,445][92,445][91,445][90,445][90,444][90,444][89,444][88,444][87,444][87,445][87,446][87,447][87,448][87,448][87,449][87,450][87,451][87,452][87,452][86,452][86,453][86,453][86,454][86,455][86,456][85,456][85,456][85,457][86,457][86,458][86,458][87,458][86,458][86,458][85,458][84,458][84,459][83,459][82,460][82,460][81,460][81,461][80,461][80,462][80,463][80,464][79,464][79,464][80,464][80,465][81,465][82,466][82,467][83,467][83,468][84,468][84,468][85,468][85,469][86,469][86,470][86,471][85,472][85,472][84,472][83,472][82,472][82,472][81,472][80,472][80,473][81,473][81,474][81,475][82,475][82,475][83,475][83,476][82,476][82,476][82,476][82,477][82,478][82,479]
pt
[38,476][37,477][36,477][36,478][35,478][34,479][34,479]
pt
[42,459][44,461][37,464][21,463][17,456][11,453][10,445][6,443][12,433][18,433][31,433][39,442][39,444]
pt
[107,360][98,355][98,348][99,348][100,348][101,348][102,348][102,348][102,347][103,347][103,346][104,346][105,346][106,346][106,346][107,346][108,346][109,346][109,347][110,347][110,347][111,347][111,348][112,348][112,348][113,348][113,349][114,349][114,350][114,351][114,352][114,352][113,352][113,353][112,354][112,355][112,356][112,356][112,357][112,358][112,359][112,360][112,360][111,360][110,360][110,360][109,360][109,361][108,361][107,361][106,361][106,361][106,360]
pt
[92,384][93,384][93,384][94,384][94,384][95,384][96,384][97,384][98,384][98,384][98,384][98,385][99,385][100,385][101,385][102,385][102,385][103,385][103,384][103,384][103,383][103,382][103,381][103,380][103,380][103,379][103,378][103,377][103,376][104,376][104,376][104,375][104,374][104,373][105,373][105,372][105,372][105,371][105,370][105,369][104,369][103,369][102,369][102,368][102,368][101,368][100,368][99,368][98,368][98,368][97,368][96,368][95,368][94,368][94,368][93,368][92,368][92,369][91,369][91,370][90,370][90,370][90,371][89,371][89,372][89,372][89,373][89,374][90,374][90,374][90,375][91,375][92,376][92,376][92,377][92,378][92,379][92,380][92,380][92,381][92,382][92,383][93,383][93,384][94,384][94,384][95,384]
pt
[130,479][130,478][129,478][128,477][128,476][128,476][127,476][127,475][127,474][127,473][126,473][126,472][126,472][126,472][126,471][126,470][126,469][126,468][126,468][126,467][126,466][126,465][126,464][126,464][126,463][125,463][125,462][125,461][125,460][124,460][124,460][124,459][124,458][124,457][124,456][124,456][124,455][124,454][124,453][123,452][122,452][122,452][121,452][121,451][120,451][120,450][119,450][119,449][119,448][118,448][118,447][118,447][118,446][118,445][117,445][116,445][116,444][115,444][114,444][114,444][113,443][112,443][111,442][110,442][110,442][109,442][108,442][107,441][106,441][106,441][105,440][104,440][103,440][102,440][102,440][101,440]
pt
[134,470][134,470][135,470][136,470][137,470][138,470][138,470][139,470][139,471][139,472][140,472][141,472][142,472][142,472][143,472][144,472][144,471][145,470][146,470][146,470][147,470][148,470][149,470][150,470][150,470][151,470][152,470][153,470][154,470][154,470][155,470][155,471][156,471][156,472][157,472][157,472][158,473][158,473][159,473][160,473][161,473][162,473][162,472][162,472][163,472][164,472][165,472][166,472][166,472][167,472][168,472][169,472][170,472][170,472][171,472][172,472][172,471][173,471][173,470][174,470][174,470][175,470][176,469][177,469][178,469][178,469][178,468][179,468][180,468][181,468][182,468][182,468][182,467][183,467][184,467][184,466][185,466][186,466][186,465][186,465][187,465][187,464][188,464][188,464][189,464][189,463][190,463][190,462][190,462][190,461][191,460][192,460][192,459][193,458][194,457][194,456][195,456][195,455][196,454][196,453][197,453][197,452][198,452][198,452][199,452][200,452][201,452][201,451][201,450][202,450][202,449][202,449][202,448][202,448][203,448][203,447][204,447][204,446][205,446][205,445][206,445][206,444][206,444][206,443][206,442][206,441][207,441][207,440][208,440][208,440][208,439][209,439][210,439][210,438][211,438][211,437][212,437][212,436][212,436][213,436][213,435][214,435][214,434][214,433][214,432][214,432][214,432][215,432][216,431][217,431][218,430][218,430][219,430][220,430][221,430][222,430][222,429][222,429][223,429][224,429][225,429][225,428][226,428][226,428][227,428][228,428][228,427][229,427][230,427][230,426][230,426][230,425][231,425][231,424][232,424][233,424][234,424][234,424][235,424][236,424][237,424][238,424][238,424][239,424][240,424][241,424][242,424][242,424][242,424][243,424][244,424][245,424][246,424][246,424][247,424][248,424][249,424][250,424][250,424][250,425][250,425][250,426][251,426][251,427][252,428][252,428][252,429][253,430][253,431][253,432][253,432][254,432][254,433][254,434][254,434][255,434][255,435][256,435][257,435][257,436][257,436][258,436][258,437][258,437][258,438][258,439][259,439][259,440][260,440][261,440][262,440][262,441][262,441][263,441][263,442][264,442][265,442][266,442][266,442][267,442][267,443][268,443][269,443][270,443][270,444][271,444][272,444][273,444][273,445][274,445][274,445][275,446][276,446][276,447][277,447][277,448][278,448][278,448][278,448][279,448][280,448][281,448][282,448][282,448][283,448][284,448][285,448][286,448][286,448][287,448][288,448][289,447][289,446][290,446][290,445][290,445][290,444][291,444][292,444][293,444][294,443][294,443][295,443][296,443][297,443][298,443][298,443][299,443][300,443][301,443][302,443][302,443][303,442][304,442][305,442][306,442][306,442][306,441][307,440][307,440][308,440][309,439][310,439][310,438][311,438][312,438][313,438][314,438][314,438][315,438][316,438][317,438][318,438][318,438][318,437][319,437][320,437][321,437][321,436][322,436][322,436][322,436][322,435][322,434][323,434][324,434][325,434][326,434][326,434][327,434][328,434][329,434][330,434][330,434][331,434][332,434][333,434][334,433][334,433][334,432][335,432][336,432][337,432][337,431][338,431][338,431][339,431][340,431][341,431][342,431][342,430][343,430][344,430][345,430][346,430][346,429][346,429][347,429][348,429][349,429][350,429][350,429][351,429][352,429][353,429][353,430][354,430][354,430][354,431][355,431][356,431][356,432][357,432][358,432][358,432][359,432][360,432][361,432][362,432][362,432][362,432][363,432][363,433][364,433][364,434][365,434][365,435][366,435][366,435][366,436][367,436][368,436][369,436][370,436][370,436][371,436][372,436][372,436][373,436][374,437][374,437][374,438][375,438][376,438][376,439][377,439][378,439][378,439][379,439][380,439][381,439][382,439][382,438][382,437][382,437][383,437][384,437][384,436][385,436][386,436][386,436][387,436][388,436][389,436][389,436][390,436][390,436][390,435][391,435][392,435][393,435][394,435][394,434][394,434][395,434][396,434][397,434][398,434][398,434][398,435][399,435][399,436][400,436][401,436][402,436][402,437][402,437][403,437][404,437][404,438][405,438][406,438][406,439][406,439][406,440][407,440][408,440][408,439][408,438][408,437][409,437][410,437][410,437][411,437][412,437][413,437][414,437][414,436][414,436][415,436][416,436][417,436][418,436][418,437][418,437][418,438][419,438][420,438][422,439][439,427][438,427][438,426][439,426][439,425][440,425][440,424][453,414][458,411][463,404][471,395][464,395][459,395][452,394][441,393][431,393][426,392][418,391][410,391][403,391][402,391][402,391][401,391][400,391][399,391][399,390][398,390][398,390][397,390][396,390][395,390][395,391][394,391][394,392][394,392][393,392][392,392][391,392][390,392][390,392][389,392][388,392][387,392][386,392][386,392][385,392][389,389][382,390][375,392][369,393][361,395][360,395][359,395][358,395][358,396][357,396][356,396][355,396][354,396][354,396][347,397][338,398][338,398][337,398][336,398][335,398][334,398][334,398][333,398][332,398][331,398][330,398][330,398][329,398][322,396][316,395][311,395][306,395][301,396][300,396][300,396][299,396][298,396][298,397][298,397][297,397][289,394][282,394][281,394][280,394][279,394][278,394][278,394][277,394][272,395][265,391][258,388][257,388][256,388][256,389][255,389][254,389][248,389][241,393][230,396][219,400][218,400][218,400][217,400][216,400][215,400][214,400][214,400][210,401][206,400][202,404][195,405][190,407][184,410][179,411][174,412][173,412][173,412][172,412][171,412][171,411][170,411][170,411][169,411][169,412][169,412][169,413][168,413][168,414][167,414][166,414][166,415][166,415][165,415][165,416][165,416][164,416][163,416][162,416][162,417][162,417][158,420][154,424][152,427][146,431][141,433][140,433][140,434][139,434][138,434][138,435][138,435][137,435][137,436][136,436][136,436][135,436][134,436][134,436][133,436][132,436][131,436][130,436][130,437][130,437][125,437][122,439][120,441][118,442]
pt
[112,440][118,434][126,431][132,428][138,427][145,424][152,418][162,408][170,404][175,404][180,406][189,400][190,400][190,400][191,400][192,400][193,400][194,400][194,400][195,400][196,400][196,399][196,398][196,397][197,397][198,397][198,397][199,397][200,397][200,396][200,396][201,396][201,395][202,395][202,394][202,394][202,393][203,393][204,393][204,392][205,392][206,392][206,392][207,392][208,392][209,392][209,393][210,393][210,393][211,393][212,393][213,393][214,393][214,392][214,392][215,392][216,392][217,392][218,392][218,392][219,392][226,388][234,387][242,383][250,382][257,382][264,384][270,386][275,388][281,388][290,388][291,388][292,388][293,388][294,388][294,388][295,388][296,388][296,389][297,389][303,389][320,388][327,390][337,390][350,389][358,389][367,384][377,384][386,380][386,381][386,381][387,381][387,382][388,382][389,382][390,382][390,382][391,382][391,383][392,383][402,384][408,384][419,383][425,383][429,385][435,384][435,385][435,386][436,386][437,386][438,385][438,385][439,384][440,384][441,384][442,384][442,384][443,384][444,384][445,384][446,384][446,385][446,385][446,386][447,386][448,386][449,386][450,386][450,386][451,386][452,386][453,386][454,386][454,386][455,386][456,386][457,386][458,386][458,386][459,386][460,386][461,386][462,386][462,386][463,386][464,386][465,386][466,386][466,386][467,386][468,386][468,387][469,387][470,387][470,388][470,388][471,388][471,388][472,388][473,388][473,389][474,389][474,389][477,380][485,372][485,364][486,364][486,364][487,364][488,364][489,364][490,364][490,364][490,364][491,364][492,364][492,363][493,363][493,362][494,362][494,361][494,361][494,360][495,360][496,360][497,360][497,361][498,361][498,362][498,362][499,362][499,363][500,363][500,364][500,364][501,365][502,365][502,366][502,366][503,366][504,366][505,365][505,364][506,364][506,364][506,363][506,362][507,362][507,361][508,360][509,360][510,360][510,360][510,360][511,360][512,359][513,359][514,359][514,358][514,358][515,358][515,357][515,356][515,356][515,355][515,354][516,354][517,353][517,352][517,352][517,351][517,350][518,350][518,350][519,350][520,350][521,350][522,350][522,350][522,349][522,348][522,348][522,347][522,346][522,345][522,344][522,344][522,343][523,343][524,342][525,342][525,341][525,340][526,340][526,340][526,340][526,339][527,339][527,338][528,338][528,337][528,336][529,336][529,336][530,336][530,335][530,334][531,334][531,333][531,332][531,332][531,331][532,331][533,331][534,331][534,331][534,330][535,330][535,329][536,329][537,329][537,328][538,328][538,328][538,327][538,326][538,325][538,324][538,324][538,323][538,322][538,321][539,320][539,320][540,320][541,320][541,319][542,319][542,318][542,318][542,317][543,317][543,316][543,316][544,316][544,315][545,314][546,314][546,314][547,314][548,314][549,313][550,313][550,313][551,313][552,313][553,313][554,313][554,313][554,314][554,315][554,316][555,316][555,316][555,316][555,315][556,315][556,314][557,314][557,313][558,312][558,312][558,312][559,312][560,312][560,311][561,311][562,311][562,310][562,309][562,308][562,308][562,308][563,308][563,307][564,307][565,307][565,306][565,305][566,305][566,305][567,305][567,306][568,306][569,306][570,306][570,307][570,307][571,307][572,307][573,307][573,306][573,307][573,308][573,308][573,309][573,310][573,311][573,312][573,312][573,313][573,314][573,315][574,315][574,316][574,316][575,316][576,316][576,316][576,317][576,318][575,318][575,319][574,319][574,320][574,320][574,320][574,321][574,322][574,323][574,324][573,324][572,324][571,324][570,323][570,323][569,323][568,322][568,321][568,320][567,320][566,320][566,320][566,320][565,320][564,320][563,320][562,320][562,320][561,320][560,320][559,320][559,320][558,320][558,320][558,321][558,322][558,323][558,324][558,324][558,325][558,326][558,327][558,328][559,328][559,328][559,329][558,329][558,329][558,330][557,330][557,331][557,332][557,332][557,333][557,334][556,335][556,336][556,336][556,337][556,338][555,338][555,339][554,339][554,339][553,339][552,339][551,339][550,339][550,339][549,339][549,340][548,340][547,340][546,340][546,341][546,342][546,343][546,344][546,344][546,345][546,345][546,346][545,346][545,347][545,348][545,348][544,349][544,350][544,351][543,351][543,352][543,352][542,353][542,354][542,355][542,356][541,356][541,357][541,358][541,359][540,359][540,360][539,360][538,360][538,360][537,360][536,360][536,360][535,360][535,361][534,361][534,362][534,363][534,364][534,364][534,364][533,364][533,365][532,365][532,366][532,367][532,368][532,368][532,369][532,370][531,370][531,371][531,372][531,372][530,372][530,373][530,374][529,375][528,376][527,376][526,376][526,376][526,376][525,376][524,376][523,376][522,376][522,376][522,376][522,375][521,375][521,374][521,373][520,373][519,373][518,373][518,374][518,374][518,375][518,376][518,376][517,377][516,377][516,378][515,378][515,379][514,379][514,380][514,380][514,380][513,380][512,381][511,382][510,382][510,383][510,383][509,384][509,384][508,384][508,385][508,386][508,387][508,388][508,388][508,389][508,390][507,390][507,391][507,392][507,392][507,393][507,394][506,394][506,395][505,395][504,395][503,396][502,396][502,396][502,396][502,397][501,397][500,397][500,398][499,398][498,398][498,398][498,397][497,397][496,397][496,396][495,396][494,396][494,396][494,396][493,396][492,396][492,395][491,395][490,395][490,395][489,395][488,394][487,394][487,393][486,393][486,392][486,392][485,392][485,392][484,392][483,392][482,392][482,391][482,391][482,390][481,390][480,390][479,390][478,390][478,389][478,389][477,389][476,389][475,389][474,389][474,389][473,389]
pt
[508,392][638,314]
pt
[471,395][472,395][472,396][473,396][474,396][474,396][475,397][476,397][477,397][478,397][482,400][489,401][490,400][483,404][430,434]
pt
[420,440][418,440][415,442][412,444][410,445][394,453][387,457][359,472][344,479]
pt
[134,470][134,471][134,472][134,472][134,473][133,474][133,475][132,475][132,476][131,476][130,476][130,476][130,477][130,478]
pt
[639,324][510,400][524,401][536,401][537,401][538,402][538,403][538,404][539,404][539,404][540,404][541,404][541,405][542,405][556,404][556,404][557,404][557,405][558,405][558,406][559,406][560,407][561,407][562,407][562,407][562,408][563,408][564,408][564,408][576,410][586,411][587,411][588,411][589,411][590,412][590,412][590,412][591,412][592,413][593,413][594,413][594,413][595,413][596,413][596,412][597,412][598,412][598,412][599,412][600,412][601,412][602,412][602,412][603,412][604,412][605,412][606,412][606,412][607,412][608,412][608,412][609,412][610,412][610,412][610,413][611,413][612,413][612,414][613,414][614,414][614,415][615,415][615,416][616,416][617,416][618,416][618,416][618,416][619,416][620,416][621,416][622,416][622,416][622,416][623,415][624,415][625,415][626,415][626,415][627,415][628,416][629,416][630,416][630,416][631,416][632,417][633,417][634,417][634,417][635,417][636,417][637,417][637,418][638,418][638,418][639,418]
pt
[639,425][638,425][638,425][637,425][636,425][635,425][634,425][634,425][633,425][632,425][631,425][630,425][630,426][630,426][629,426][628,426][627,426][626,426][626,427][626,427][625,427][624,427][623,427][622,427][622,427][621,427][620,427][619,427][619,426][618,426][618,426][617,426][616,426][615,426][614,426][614,425][614,425][614,424][614,424][613,424][613,423][612,423][611,423][610,423][610,423][609,423][609,422][608,422][607,422][606,422][606,422][605,422][604,422][603,422][602,422][602,422][601,422][600,422][599,422][598,422][598,422][597,422][596,422][595,422][594,422][594,421][593,421][592,421][591,421][590,421][590,420][590,420][589,420][588,419][587,419][586,419][586,419][585,419][584,418][583,418][582,418][582,418][581,418][580,418][579,418][578,418][578,418][577,418][576,418][576,419][575,419][574,419][574,419][573,419][572,419][571,419][571,418][570,418][570,417][570,417][570,416][569,416][568,416][568,416][567,416][566,416][566,416][565,415][563,415][562,415][562,415][561,415][560,415][559,415][558,415][558,415][557,415][556,415][555,415][554,415][554,415][553,414][552,413][551,413][550,413][550,412][550,412][549,412][548,412][547,412][546,412][546,412][545,412][544,412][543,412][542,412][542,412][541,412][540,412][539,412][538,412][538,412][537,412][536,412][535,412][534,412][534,412][533,412][532,412][532,412][531,412][530,411][530,410][530,409][530,408][529,408][528,408][528,408][527,408][527,407][526,407][526,407][525,407][524,407][523,407][522,407][522,407][521,407][520,407][519,407][518,407][518,407][517,407][516,407][515,407][514,407][514,407][513,407][512,407][512,406][511,406][511,405][510,405][510,405][509,405][508,405][507,405][506,405][506,405][505,405][505,406][504,406][504,407][503,407][502,407][502,407][501,407][500,407][499,407][498,407][498,407][497,407][497,408][496,408][495,408][495,408][495,409][494,409][494,409][493,409][493,410][493,411][492,411][492,412][491,412][490,412][490,413][490,413][470,423][469,425][464,425][457,429][455,431][434,443][430,448][422,448][417,451][412,455][411,455][411,456][411,456][410,456][410,456][409,456][408,456][365,479]
pt
[266,477][274,476][288,468][292,467][293,468][293,468][294,468][294,469][294,469][294,470][295,470][296,470][297,470][298,470][298,470][299,471][300,472][300,472][301,472][302,471][302,471][303,471][304,471][305,471][306,471][306,471][307,471][308,471][309,470][310,469][310,468][310,468][311,468][312,468][313,468][313,467][314,467][314,466][314,466][315,466][315,465][316,465][316,464][317,464][317,464][318,464][318,463][319,463][320,463][321,463][322,463][322,463][323,463][324,463][325,463][326,463][326,463][327,463][328,463][329,463][330,463][330,463][331,463][332,463][333,464][334,464][334,465][334,466][335,466][335,467][336,467][336,468][337,468][338,468][338,468][338,468][339,468][340,469][341,469][342,469][342,469][343,469][344,469][345,469][345,468][346,468][346,468][347,468][348,468][349,468][349,468][350,468][350,468][351,468][352,468][353,468][353,468][353,469][353,470][354,470][354,470][355,470][355,471][356,471][356,472]
