11
pt
[638,101][637,101][636,101][635,101][634,101][633,101][632,102][631,102][630,103][630,104][630,106][630,107][630,108][629,108][629,110][628,110][628,111][628,112][627,113][627,114][626,115][625,115][625,116][625,117][625,118][625,119][624,119][624,120][624,121][624,122][623,123][623,124][623,125][623,126][623,127][623,128][623,129][623,131][623,132][622,133][622,134][622,135][622,136][622,138][622,139][622,140][622,141][622,142][622,143][622,144][622,145][622,146][622,147][621,149][621,150][620,151][619,151][619,152][618,153][617,155][616,156][616,157][616,158][615,158][615,159][614,160][613,161][613,162][613,163][613,164][613,165][613,166][613,167][613,168][613,170][614,172][614,173][614,174][615,176][615,178][615,179][616,181][617,183][617,185][617,187][618,187][618,188][618,190][619,191][619,193][620,193][620,194][620,195][621,196][621,197][622,200][622,202][623,203][624,205][624,206][624,207][624,209][625,210][625,211][626,211][626,212][626,213][626,214][626,216][626,217][627,217][627,218][627,219][627,220][627,221][627,223][627,224][627,225][627,226][627,227][627,228][627,229][627,230][627,231][626,232][625,232][625,233][625,234][624,235][623,237][622,238][622,239][620,241][620,242][619,243][618,244][617,245][615,246][614,247][613,248][612,248][612,249][611,249][610,250][609,251][609,252][608,253][607,253][607,254][606,254][606,255][605,256][604,257][603,257][602,258][601,259][601,260][600,260][599,261][598,261][597,262][596,262][595,263][594,264][593,265][592,266][591,267][590,268][589,269][588,270][588,271][587,271][587,272][586,273][585,274][584,275][583,276][582,277][582,278][581,279][580,279][580,280][579,280][579,282][578,282][578,283][577,283][576,284][576,286][575,286][574,287][574,288][573,288][572,288][572,289][571,290][571,291][570,291][569,291][569,292][568,293][567,295][566,295][566,296][565,296][565,297][564,297][563,299][562,300][562,301][561,301][561,302][561,303][560,304][560,305][559,306][559,307][558,307][558,308][558,309][558,310][558,311][558,312][557,312][557,313][557,314][557,315][556,315][555,316][555,317][555,318][554,318][554,319][554,320][553,321][553,322][553,323][552,323][552,324][552,325][551,325][551,326][550,326][550,327][549,327][548,328][547,328][547,329][547,330][546,332][546,333][546,334][545,334][545,335][544,335][544,336][544,337][544,338][544,339][543,339][543,340][543,341][543,342][543,343][543,344][543,345][543,346][543,347][543,348][543,349][543,350][543,351][543,352][543,353][543,354][543,355][543,356][544,357][544,358][545,359][545,362][545,363][545,364][545,365][546,365][546,366][546,367][546,368][547,369][548,369][548,370][548,371][549,372][549,374][550,374][551,375][551,377][552,378][553,379][553,381][554,381][554,382][554,383][556,386][556,387][558,389][559,392][561,393][562,395][563,396][564,397][565,399][566,399][566,400][567,400][567,401][568,401][568,402][569,403][570,404][571,404][571,405][572,405][573,406][574,407][575,408][576,408][577,410][579,410][579,411][581,412][583,413][584,414][585,414][587,415][588,416][589,416][590,416][591,416][592,416][593,416][594,416][596,417][597,417][598,418][599,418][600,418][601,419][602,421][603,421][605,423][606,424][608,426][611,427][611,429][612,429][613,430][615,432][617,435][620,437][622,439][624,440][626,441][628,443][629,444][630,445][632,448][636,449][639,452]
pt
[575,12][575,13][574,14][574,15][574,16][574,17][574,19][574,20][574,21][574,22][574,23][574,24][574,25][574,27][574,28][574,29][574,30][574,31][575,31][575,32][576,32][576,33][577,33][578,33][579,33][579,34][580,34][580,35][581,35][583,35][584,36][585,36][586,36][587,37][587,38][589,38][589,39][590,39][591,41][592,41][592,42][593,42][593,43][594,43][595,44][595,45][595,46][596,46][596,47][598,48][599,49][600,49][601,50][601,51][602,51][602,52][602,53][604,54][604,55][604,56][605,57][606,58][607,59][608,60][608,61][609,61][609,62][610,62][611,62][611,63][612,63][613,63][613,65][614,65][615,66][616,66][617,66][618,66][619,66][620,66][621,66][622,66][623,66][624,66][625,66][625,65][625,64][625,63][624,62][624,61][623,60][622,60][622,59][621,59][620,58][619,57][618,57][618,56][617,56][617,55][616,55][616,53][615,52][614,50][614,49][613,48][613,47][612,47][612,46][611,45][611,44][611,43][611,42][610,41][610,40][610,38][610,37][609,36][609,35][608,34][608,33][607,30][607,29][607,27][607,26][607,24][607,23][607,21][606,20][605,19][605,18][604,17][603,16][603,15][602,14][601,13][601,12][601,11][600,11][599,11][598,11][597,11][594,11][593,11][592,11][591,11][590,11][589,11][588,11][587,11][586,11][585,11][584,11][583,11][581,11][580,11][579,11][578,11][577,12][576,12][576,13][575,14][575,15][575,16][574,16][574,17]
pt
[28,1][28,0][29,0][30,0][30,1][31,2][31,3][31,4][31,6][31,7][31,9][31,10][31,11][30,11][29,11][29,12][28,13][28,14][27,14][26,14][26,15][25,15][24,15][24,16][23,16][22,16][21,16][21,17][21,18][21,19][21,20][21,21][21,22][21,23][20,24][19,24][18,24][17,24][16,25][15,25][14,25][13,25][13,26][12,26][11,26][10,27][10,28][10,29][9,30][9,31][8,32][7,34][6,35][5,35][4,35][3,35][2,36][1,36][0,37][2,72][3,72]
pt
[4,68][4,67][6,67][7,67][7,66][8,66][9,66][10,65][10,64][11,64][12,64][13,64][14,64][15,64][16,64][17,64][18,64][19,64][19,65][20,65][21,65][21,66][21,67][21,68][21,69][21,70][21,71][20,72][20,73][19,73][18,74][17,74][16,74][15,75][14,75][13,76][12,77][11,78][10,79][9,81][9,82][9,83][7,84][6,86][6,87][5,88][4,88][3,88][2,88][1,88]
pt
[13,111][13,112][13,113][13,114][13,115][13,116][14,116][14,117][15,118][16,118][17,118][18,118][19,118][20,118][21,118][22,118][23,118][24,118][24,117][24,116][25,116][25,115][25,114][25,113][25,112][24,111][24,110][24,109][23,109][23,108][22,108][22,107][21,107][20,107][19,107][18,107][17,107][16,107][16,108][15,108][14,108][14,109][14,110][13,111][13,112][13,114][13,115][14,115][15,115][16,115]
pt
[30,86][30,88][30,89][28,90][28,92][28,93][28,94][29,94][30,95][31,95][32,95][33,96][34,96][35,96][36,96][36,95][37,95][37,94][39,94][39,93][40,93][40,92][41,91][41,90][41,89][41,88][40,88][40,87][39,87][36,86][35,86][34,86][33,86][32,86][31,86][30,86][29,86][29,87][29,88][29,89]
pt
[35,50][35,51][34,51][34,52][33,53][33,54][33,55][33,56][33,57][33,58][33,59][33,60][33,61][34,61][34,62][34,63][35,63][35,64][36,64][37,64][38,64][39,64][40,64][41,64][42,64][43,64][45,64][46,63][47,63][48,62][49,62][50,61][51,61][51,60][51,59][51,58][51,57][51,56][51,55][51,54][50,52][49,52][48,52][47,52][46,52][45,52][44,52][42,52][41,52][40,52][39,52][38,52][37,52][36,53][34,53][33,53][31,53]
pt
[56,2][57,3][58,3][58,4][59,4][59,5][59,6][60,6][60,7][61,7][61,8][62,8][63,8][64,8][65,8][66,8][67,8][68,8][69,8][70,8][69,8][69,7][69,5][69,4][68,4][68,3][68,2][68,1][67,0][66,0][65,0][64,0][63,0][62,0][61,0][60,0][59,0][58,0][57,0]
pt
[16,53][15,54][14,54][13,54][11,54][10,55][9,55][8,55][7,55][6,55][6,54][6,53][6,52][6,51][6,50][6,49][7,48][8,47][9,45][10,44][11,44][12,43][12,42][13,42][14,42][15,42][16,42][17,42][18,42][19,42][20,42][21,42][21,43][22,44][22,45][22,46][22,47][22,48][23,50][23,51][23,53][22,53][21,53][21,54][20,54][19,54][17,54][17,55][16,55]
pt
[35,16][35,17][35,18][35,19][35,20][35,21][36,22][37,22][38,22][39,22][40,22][41,22][41,21][42,21][42,20][42,19][43,18][43,17][44,17][44,16][45,15][45,14][46,13][46,12][46,11][47,10][46,10][45,10][44,10][43,10][42,10][41,10][40,10][39,10][38,11][37,11][36,12][36,13][36,14][35,15][35,17][35,18][35,19][36,19][37,19][38,20][39,20][41,20][43,20][45,20]
pt
[50,42][50,41][51,41][52,41][52,40][53,39][54,39][54,38][55,38][56,38][57,38][58,37][59,37][60,37][61,37][61,38][61,39][61,40][61,41][60,42][60,43][60,44][59,44][59,45][58,45][58,46][57,47][56,47][55,47][54,47][53,47][52,46][51,46][50,45][50,44][49,43][49,42][49,41][48,40][47,39][47,38][48,37][49,37][51,37][51,36][52,36]
