16
pt
[68,476][67,476][65,475][64,475][63,475][62,475][62,474][61,474][60,473][60,472][59,472][59,471][58,471][53,469][53,468][52,468][52,467][51,467][49,467][47,466][43,465][40,463][37,463][35,462][34,462][33,461][31,461][30,460][30,459][29,458][29,457][29,456][29,455][29,454][29,453][29,452][29,451][29,450][30,449][30,448][30,447][30,446][30,445][30,444][30,443][31,442][31,441][32,439][32,438][32,436][32,434][33,432][34,431][34,430][34,429][34,428][35,428][35,427][35,426][36,425][36,424][36,423][37,423][37,422][38,422][38,421][39,420][39,419][40,418][40,417][41,417][42,416][43,416][44,416][46,416][47,416][48,416][49,416][50,416][51,416][52,417][53,417][54,417][54,418][56,418][57,418][58,418][59,418][60,419][61,419][62,420][63,420][65,420][66,420][67,420][68,420][69,420][70,420][71,420][72,420][73,420][74,420][76,419][78,419][79,418][81,417][83,417][84,417][85,416][86,415][87,415][88,415][89,414][90,414][91,413][91,412][92,412][93,412][94,411][95,410][96,408][97,408][97,407][98,407][99,406][100,405][101,405][101,404][102,404][103,403][104,403][105,403][106,402][107,402][108,402][109,401][110,401][112,401][113,401][114,401][115,401][116,401][118,401][119,401][120,401][121,401][122,401][123,402][123,403][123,404][124,404][124,406][125,406][125,407][125,408][125,409][126,410][126,412][126,413][126,415][126,416][126,417][126,418][126,419][126,420][126,422][126,424][126,425][126,427][126,428][126,429][126,430][126,431][126,432][126,433][126,434][126,435][126,437][126,438][126,439][126,440][126,441][126,442][125,442][125,443][125,444][124,445][124,446][124,447][123,447][123,448][123,449][123,450][122,451][122,452][121,453][121,454][121,455][121,456][120,457][120,458][120,460][120,461][119,462][119,463][119,464][119,465][119,466][119,467][119,468][119,469][119,470][119,471][120,471][120,472][121,472][121,473][121,474][121,475][122,475][123,476][123,477][123,478][123,479]
pt
[494,457][492,457][491,457][490,457][488,457][487,457][485,457][484,457][483,457][481,457][480,457][478,457][477,457][476,457][475,457][474,457][473,457][472,456][471,456][470,456][469,456][468,456][467,455][466,455][466,454][465,454][464,454][463,454][462,454][462,453][461,452][461,451][461,450][461,449][461,448][461,447][461,446][461,445][461,444][461,443][462,442][463,442][463,441][464,440][464,439][465,438][466,438][466,437][467,436][468,435][470,435][473,434][473,433][475,433][476,432][477,431][478,431][480,430][481,430][482,430][483,429][484,429][486,428][487,428][488,428][489,427][490,427][491,426][492,426][493,426][494,426][495,426][496,426][497,426][498,425][499,425][500,424][501,424][502,424][503,424][503,423][504,423][505,423][506,423][508,423][509,423][510,423][511,423][512,423][513,423][514,423][515,423][516,423][517,423][518,423][519,423][520,423][521,423][522,423][523,423][524,423][525,423][525,424][526,425][526,426][526,427][526,428][526,429][526,430][526,431][525,432][525,433][525,434][524,435][524,436][524,437][523,438][522,439][522,440][520,441][520,442][519,442][519,443][518,444][517,444][517,445][516,445][515,445][515,446][514,446][512,448][511,448][511,449][510,449][509,449][508,450][507,451][506,451][505,452][504,452][503,452][502,452][501,452][500,452][499,452][498,452][497,452][496,452][494,452][492,452][491,452][490,452][489,453][488,454][487,455][486,455][486,457][487,457][485,457][482,457]
pt
[625,461][624,461][623,461][622,461][621,461][620,462][619,462][618,463][617,463][616,463][615,462][615,461][615,460][615,459][615,458][615,457][615,456][615,455][615,454][615,453][615,452][615,450][615,449][615,448][615,447][615,446][615,445][616,444][616,443][617,443][617,442][618,441][619,441][620,441][620,440][621,440][622,440][623,440][624,440][625,440][626,439][627,439][628,439][629,439][631,439][633,440][634,440][635,440][635,441][635,442][635,443][635,444][636,445][637,445][637,446][638,447][638,448][638,449][638,450][638,451][638,452][638,454][638,455][638,456][637,456][636,457][635,457][634,457][633,458][632,458][631,458][630,459][630,460][629,461][628,461][628,462][627,462][627,463][627,464][626,464][626,465][625,465][624,466][623,466][622,467][621,468][621,469]
pt
[600,464][600,463][599,463][598,463][597,463][596,463][595,463][594,463][593,463][592,463][590,463][589,463][588,463][587,463][586,463][585,463][584,463][583,463][582,463][581,463][580,463][579,463][578,462][577,461][577,460][576,458][575,457][574,456][574,455][573,454][572,454][572,453][571,452][570,450][570,449][569,448][568,447][568,446][568,445][568,444][567,444][567,443][567,442][567,441][567,440][567,439][567,438][567,437][567,436][567,435][567,434][567,433][567,432][568,432][568,431][569,430][571,430][572,430][573,430][574,430][575,430][576,430][577,430][578,430][579,430][580,430][581,430][582,430][583,430][584,430][585,430][586,430][587,430][588,430][589,430][590,430][591,431][592,431][593,431][593,432][594,433][595,433][596,433][597,434][598,435][599,435][600,436][601,436][601,437][602,438][602,439][603,439][605,440][605,442][606,442][607,443][608,444][609,444][609,445][610,446][611,446][611,447][612,447][612,448][613,449][613,450][614,450][614,451][615,451][615,452][615,453][616,454][616,455][616,457][616,458][615,458][614,458][613,458][612,458][611,459][610,459][609,459][608,459][607,460][606,461][605,461][604,461][604,462][603,462][602,463][601,463][600,463][599,463][599,464][596,465]
pt
[562,446][561,446][559,446][558,446][557,446][556,446][555,446][554,446][553,446][552,446][551,446][550,446][549,446][548,446][547,446][546,446][545,446][544,446][542,446][541,446][540,446][538,446][538,445][538,444][537,443][536,442][535,442][535,441][534,440][533,439][532,438][531,438][531,437][530,436][529,436][528,435][527,433][526,432][526,431][526,430][525,429][524,429][524,428][524,427][524,426][524,425][525,425][526,425][527,425][528,424][530,424][530,423][531,423][532,423][533,423][534,423][535,422][536,422][537,422][538,422][539,422][541,422][542,422][543,422][544,422][545,422][546,422][547,422][548,422][549,422][550,422][551,422][552,423][553,424][555,424][555,425][556,425][557,425][558,426][559,426][559,427][559,428][560,428][560,430][561,432][562,432][562,433][563,435][564,435][564,436][565,437][565,438][565,439][565,440][565,441][565,442][565,443][565,444][565,445][564,446][563,446][562,446][561,447][560,447][559,447][559,448][558,448][557,448][556,448][555,448][555,449][554,449][553,449][552,449][551,450][550,450][549,450][548,450][548,451][547,451][547,452][547,453][547,454]
pt
[436,417][436,418][435,418][434,418][433,418][432,418][432,417][432,416][431,415][430,414][430,413][429,413][429,412][429,411][429,410][428,409][428,408][427,408][426,407][425,407][425,406][425,405][424,404][424,403][424,402][424,401][424,400][424,399][425,399][426,398][427,398][427,397][428,397][429,397][430,397][431,397][432,397][433,397][434,398][435,398][435,399][435,400][436,400][436,401][437,402][437,403][437,404][438,405][438,406][439,406][439,407][440,407][441,407][441,408][442,408][442,409][443,410][443,411][444,411][444,412][445,412][445,413][445,414][444,414][443,415][442,416][441,416][440,417][439,417][438,417][438,418][437,418]
pt
[461,453][460,453][459,453][458,453][457,453][456,453][455,453][455,454][454,454][453,454][452,454][451,454][450,454][449,454][448,454][447,453][447,452][446,451][445,450][444,448][443,448][442,447][441,446][441,445][439,444][439,443][437,442][435,441][435,439][433,439][432,437][431,437][431,436][429,435][429,434][428,433][427,432][427,431][426,430][426,429][425,429][425,428][424,426][423,425][423,424][423,423][422,423][421,421][420,420][420,419][419,417][419,416][418,416][417,415][417,414][416,413][415,412][414,411][412,409][411,409][410,408][409,408][408,408][407,408][406,408][405,407][404,407][403,407][403,406][402,406][401,406][401,405][400,405][399,404][398,404][398,403][397,403][396,403][395,402][394,402][393,402][392,402][391,402][389,402][388,402][387,402][385,402][384,402][383,402][382,402][381,402][379,402][377,402][373,403][370,404][366,404][363,405][360,406][359,406][358,407][356,407][355,407][354,408][353,408][352,408][351,408][350,409][349,409][348,409][347,409][346,409][346,410][345,410][344,410][343,410][342,410][342,409][342,408][341,407][340,407][340,406][340,405][339,404][339,403][339,402][339,401][339,400][338,399][338,398][338,397][338,396][339,396][339,395][340,394][341,394][341,393][342,393][343,392][344,391][345,391][347,390][348,389][349,389][349,388][351,387][353,385][355,384][356,384][358,383][358,382][359,382][360,381][361,381][362,380][363,380][364,379][365,379][366,378][367,378][368,377][369,376][370,376][371,376][372,376][373,376][374,375][376,375][377,375][378,375][379,374][380,374][382,374][383,374][384,374][385,374][386,374][387,374][388,374][389,374][390,374][392,375][394,376][396,376][397,376][401,378][403,378][404,378][404,379][405,379][406,379][407,379][409,379][410,380][412,380][413,381][415,382][416,382][417,382][419,383][421,384][422,384][424,384][425,384][426,384][427,384][428,384][430,384][431,384][432,385][433,385][434,385][435,386][435,387][436,387][437,388][437,389][438,389][438,390][440,391][441,392][441,393][442,393][442,394][442,395][443,395][444,397][445,398][446,399][446,400][447,400][447,401][447,402][448,402][448,403][449,404][450,404][450,406][451,407][452,408][452,409][452,410][453,410][453,411][453,412][454,413][455,414][455,415][456,415][456,416][456,417][456,418][457,420][458,421][460,425][460,427][460,428][461,429][461,430][462,431][462,432][462,433][462,434][462,435][463,436][463,437][463,438][463,439][463,440][463,441][462,443][462,445][461,445][461,446][461,447][461,448][460,448][460,449][460,450][460,451]
pt
[482,2][484,2][484,3][484,4][485,4][485,5][486,6][486,7][487,8][487,9][487,10][488,10][489,11][489,12][490,12][490,13][491,13][491,14][491,15][492,16][493,16][493,17][494,17][494,18][495,18][495,19][496,20][496,21][497,21][498,22][499,23][500,24][500,25][501,25][502,25][503,25][503,26][504,26][505,26][506,27][507,28][508,28][509,28][510,28][511,28][513,28][513,29][515,29][516,29][517,29][518,29][519,29][521,29][522,30][524,30][525,31][527,31][529,31][530,31][531,31][532,31][533,32][534,32][535,32][536,32][537,32][538,32][539,33][540,33][541,34][542,34][543,35][544,35][545,36][547,38][547,40][549,40][549,41][550,41][550,43][551,43][552,43][552,44][553,44][554,45][555,45][556,46][557,46][557,47][558,47][560,47][561,48][562,48][563,48][564,48][565,48][566,48][567,48][568,48][569,47][569,46][570,46][571,45][571,44][572,44][572,43][573,43][573,42][573,41][574,41][575,41][576,40][577,40][578,40][579,40][580,40][581,40][582,40][583,40][586,40][589,40][592,40][594,40][595,40][597,40][599,40][600,40][601,41][602,41][604,41][605,41][606,41][607,41][608,41][609,41][611,40][611,39][612,39][613,38][614,38][615,37][615,36][617,36][617,35][618,34][619,33][620,32][621,31][621,30][621,29][622,29][622,28][622,27][623,27][624,26][625,25][625,24][626,23][626,22][627,22][628,21][629,20][630,20][631,19][632,19][633,18][634,18][635,18][637,18][638,17]
pt
[567,45][567,46][568,47][569,48][571,51][572,52][573,53][575,55][576,56][577,58][579,58][579,59][580,59][581,61][582,61][583,62][584,63][585,64][586,65][587,65][587,66][588,66][588,67][589,67][589,68][590,69][590,70][591,70][591,71][592,71][593,72][594,72][595,72][595,71][596,70][597,69][597,68][598,68][598,67][599,67][599,66][599,65][599,64][600,63][600,62][601,61][602,61][603,60][604,59][605,59][606,59][607,59][608,58][609,57][610,56][610,55][611,55][611,54][611,53][612,53][612,52][612,51][613,51][613,50][614,49][615,48][616,47][617,46][617,45][618,45][618,44][618,43][618,42][617,42][617,41][616,41][615,41][615,40][614,39]
pt
[438,9][438,11][438,12][438,14][438,16][438,18][438,20][438,21][438,22][439,24][435,1][436,1][437,1][437,3][438,4][439,5][439,7][439,8][439,9][439,11][440,11][440,12][440,13][440,15][440,16][440,17][441,18][442,20][442,21][442,22][443,23][443,24][443,25][444,25][445,27][446,27][446,28][447,28][449,28][450,29][451,30][452,30][452,31][453,31][454,31][455,33][456,34][457,35][458,37][460,38][461,40][463,43][464,45][465,47][465,48][467,49][467,51][469,53][469,54][470,55][471,56][471,57][473,58][473,59][474,60][475,61][475,62][475,63][475,64][475,65][475,66][476,67][476,69][476,70][476,71][476,72][477,73][477,74][478,75][478,76][478,77][478,78][478,79][478,80][478,81][478,82][478,83][478,84][478,85][478,87][478,88][478,89][478,90][478,91][478,93][478,94][478,95][478,96][478,97][478,98][478,99][478,100][478,101][478,103][477,106][477,108][475,110][474,111][474,113][474,114][473,115][472,116][472,117][471,117][471,118][470,118][468,118][468,119][468,120][467,120][467,121][466,122][466,123][466,124][466,125][466,126][466,127][466,128][466,129][466,130][466,132][467,134][467,135][468,136][469,138][469,139][471,140][471,142][471,144][471,145][471,146][471,147][472,147][472,148][473,149][473,150][474,150][474,151][475,151][475,152][475,153][476,153][476,154][477,155][478,157][479,159][479,160][480,160][481,161][481,162][481,163][482,163][482,164][483,164][483,165][484,166][484,167][485,167][485,168][485,169][485,170][485,171][484,171][483,171][483,172][482,172][481,173][481,174][479,175][479,176][478,176][478,177][477,177][476,178][475,178][474,179][473,179][473,180][472,181][471,182][470,183][469,184][469,185][468,186][468,187][467,188][467,189][467,190][467,191][466,191][466,192][465,193][465,195][465,196][465,197][465,198][465,199][465,200][465,201][465,202][465,203][466,203][466,204][466,205][466,206][467,206][467,207][467,208][467,209][468,210][468,211][469,211][470,212][471,212][472,213][472,214][473,214][474,214][474,215][475,215][476,215][477,215][478,215][479,215][481,215][482,215][483,215][483,216][484,216][485,216][486,217][487,218][488,218][488,219][489,219][489,220][490,221][490,222][490,223][491,224][492,225][492,226][493,227][494,229][495,231][496,232][497,233][497,234][498,235][499,235][499,236][500,236][500,237][501,237][502,238][503,238][505,238][507,238][509,238][513,237][514,236][516,234][518,232][520,230][520,227][520,224][521,221][521,220][521,219][521,218][521,217][521,216][521,215][521,214][521,212][522,210][522,208][522,207][523,206][524,205][525,204][525,203][525,202][525,201][526,200][526,199][526,198][526,197][526,196][527,196][531,199][532,200][533,201][538,205][539,206][540,207][541,207][542,207][544,207][545,207][547,206][548,206][549,205][550,205][551,205][552,205][554,204][554,203][555,203][556,203][556,202][557,202][558,201][559,200][560,199][561,199][562,198][563,197][563,196][564,195][564,194][565,194][566,193][566,192][567,192][567,191][568,191][568,190][569,190][570,190][571,190][571,189][572,189][572,188][573,188][574,188][575,188][577,187][578,186][580,186][581,185][582,184][583,184][584,184][585,184][585,183][585,182][584,181][583,181][583,180][582,180][582,179][582,178][582,177][581,176][581,175][581,174][581,173][581,172][581,171][581,170][581,169][582,168][583,167][584,167][585,167][586,166][587,166][588,165][590,165][591,165][592,165][593,165][595,165][596,165][598,165][599,165][601,165][602,166][603,166][604,166][605,166][606,166][607,167][607,168][607,169][608,170][608,172][609,173][610,174][611,176][612,177][612,178][612,179][613,180][613,181][613,182][613,183][614,184][614,185][614,186][615,186][615,187][615,188][614,188][613,189][611,189][609,189][608,190][607,190][606,190][606,191][605,191][604,191][603,192][602,192][602,193][601,193][601,194][600,195][599,196][598,197][598,198][598,199][597,200][597,201][597,202][596,202][596,203][596,204][595,204][595,205][595,206][593,207][592,207][592,208][591,209][591,210][591,211][591,212][591,213][591,214][591,215][591,216][592,217][592,218][593,218][593,219][594,220][595,222][596,223][597,224][597,225][598,225][599,225][600,226][601,226][602,226][604,227][605,227][606,227][607,227][608,227][609,227][610,227][611,227][612,227][613,227][615,227][616,227][617,227][618,227][619,227][621,226][622,225][623,225][624,225][625,225][626,225][628,225][629,225][631,224][632,224][633,224][634,224][635,223][636,223][636,222][637,222][637,221][638,220][639,219]
pt
[297,410][296,411][295,412][295,413][294,413][293,414][293,415][291,416][290,417][289,418][289,419][288,419][287,420][286,420][286,421][285,421][285,423][283,423][282,423][282,424][281,424][280,424][280,425][279,425][278,425][278,426][276,426][276,427][275,427][274,428][273,428][271,428][270,428][269,429][268,430][267,430][266,430][265,429][264,429][263,428][262,427][261,427][260,427][259,427][258,427][258,426][257,426][257,425][256,425][255,425][254,424][253,423][253,422][253,421][253,420][253,419][253,418][253,417][253,416][253,415][253,414][253,413][253,412][253,411][253,410][254,409][254,408][254,407][255,407][256,406][256,405][257,405][257,404][257,403][258,402][259,401][260,400][260,399][261,398][262,398][262,397][263,397][263,396][264,395][264,394][265,394][265,393][266,393][266,392][267,391][267,390][267,389][268,388][268,387][268,386][268,385][269,385][269,384][269,383][269,382][269,381][269,380][269,379][268,378][267,378][266,378][265,378][265,377][265,375][265,374][264,373][264,372][264,371][264,370][264,369][264,368][265,368][266,368][267,367][267,366][268,366][269,366][270,366][271,366][272,366][273,366][274,366][275,366][276,366][277,366][278,366][279,366][280,367][281,368][282,368][283,368][283,369][284,369][284,370][285,371][287,372][288,373][290,374][291,375][292,375][294,376][295,376][296,377][297,377][298,378][299,378][300,378][300,379][301,379][302,380][304,380][305,381][306,382][307,382][307,383][308,383][309,385][310,385][310,386][310,387][310,388][311,388][311,389][311,390][311,391][311,392][311,393][311,394][311,395][311,396][311,397][310,398][309,399][309,400][308,400][308,401][307,401][306,401][305,401][305,402][304,402][303,403][302,404][301,404][301,405][300,405][298,406][298,407][297,407][297,408][296,409][296,410][296,411][296,412][295,412][295,413][293,411][291,409]
pt
[600,232][601,234][601,236][601,237][601,238][601,239][601,240][601,241][601,242][601,243][601,244][601,245][601,246][601,247][601,248][601,249][601,251][601,252][601,253][601,254][601,255][601,256][601,257][600,258][599,258][599,259][599,260][598,260][598,261][598,262][597,262][596,263][595,263][594,264][593,265][592,266][591,266][590,267][589,268][588,268][587,269][586,269][585,269][584,269][584,270][582,270][581,270][580,271][578,272][577,273][576,274][575,274][575,275][574,275][573,276][572,277][572,278][571,278][571,279][571,280][570,281][570,282][570,283][569,283][569,284][568,285][567,285][567,286][566,286][566,287][565,287][564,287][563,287][562,288][561,288][560,288][559,288][558,288][557,288][556,288][555,288][554,288][552,288][551,288][550,287][549,287][548,286][547,286][547,285][546,285][545,284][544,284][543,283][542,283][541,282][541,281][539,280][538,279][537,278][536,278][535,278][534,278][533,278][532,278][531,278][530,278][528,278][527,279][526,279][525,279][524,281][522,281][521,282][521,283][519,284][519,285][518,285][518,286][517,287][516,287][516,288][515,289][514,290][513,291][512,292][512,293][511,293][511,294][511,295][511,296][511,297][511,298][511,299][511,300][510,300][510,301][510,302][509,303][509,304][509,305][509,306][509,307][508,308][508,309][507,309][506,310][505,311][504,311][503,311][502,311][501,311][499,311][498,311][496,311][495,311][494,311][493,310][493,309][492,309][491,308][490,306][489,306][487,305][487,304][486,304][486,303][485,303][485,302][485,301][485,300][484,299][484,298][484,297][483,296][483,295][482,295][482,294][481,293][480,292][479,291][479,290][478,290][477,290][476,290][475,290][474,290][472,290][471,290][470,291][469,291][468,292][467,293][466,294][465,294][465,295][465,296][464,297][463,297][462,298][461,298][461,299][461,300][460,300][459,301][458,302][457,303][456,304][455,305][454,306][453,307][453,308][454,309][454,310][454,311][455,311][455,312][455,313][455,314][455,315][455,316][455,317][454,318][454,319][453,320][452,320][451,320][450,320][449,320][448,320][447,320][446,320][445,320][444,319][443,319][442,318][441,317][439,317][438,316][437,315][436,315][435,315][434,315][432,315][431,315][429,314][427,313][426,313][424,313][423,312][422,311][421,311][420,311][419,310][417,309][416,309][415,309][414,309][413,308][411,308][409,307][408,307][406,306][405,306][404,306][403,305][402,305][401,305][400,305][399,305][398,305][397,305][396,305][396,306][395,307][395,308][395,309][395,310][395,311][395,312][394,312][393,313][393,314][392,315][392,316][391,317][391,318][391,319][391,320][391,321][391,322][391,323][391,324][391,325][391,326][391,327][390,328][389,329][388,330][386,332][385,333][384,334][383,335][382,335][381,337][380,337][380,338][379,338][378,339][377,339][377,340][376,340][376,341][374,341][374,342][373,342][372,343][371,343][370,343][369,344][369,345][368,345][367,346][366,346][366,347][365,347][365,348][365,349][364,351][363,351][363,352][363,354][363,355][362,356][362,357][361,357][360,358][359,359][359,360][358,361][357,361][356,362][356,363][355,363][355,364][354,364][354,365][353,365][352,366][352,367][351,368][351,369][350,369][348,369][347,369][346,368][343,367][342,367][341,366][339,366][339,365][337,363][336,362][334,361][334,360][333,360][333,359][333,358][334,357][334,356][334,355][334,354][335,353][335,352][335,351][335,350][336,350][336,349][336,348][336,347][336,346][336,345][336,344][336,343][337,342][337,341][337,340][337,339][337,338][337,337][337,335][336,335][334,335][333,334][330,333][329,333][328,333][327,333][326,333][325,333][324,333][323,333][322,333][322,334][321,334][320,334][319,334][319,335][317,335][317,336][315,337][314,338][313,339][312,339][311,340][310,340][308,341][306,341][304,342][302,343][301,343][301,344][300,345][300,346][300,348][300,349][300,350][301,350][301,351][301,352][302,352][303,352][303,353][304,353][304,354][305,355][305,356][306,357][306,358][306,360][306,361][306,362][306,363][306,366][306,368][303,372][301,376][300,376][301,376][303,376][304,376][305,376][307,376][307,378][307,379][307,380][309,380][309,382][310,382][311,382][312,382][313,382][314,382][316,382][317,382][318,382][319,382][320,382][321,382][323,382][324,382][325,382][326,382][327,382][328,382][329,381][332,381][333,381][333,382][333,383][333,384][333,385][333,386][333,387][333,389][333,392][332,392][332,394][332,395][333,396][333,398][333,399][333,400][333,401][333,402][333,403][334,404][335,404][336,404][336,405][336,406][336,407][335,407][335,408][334,409][334,410][331,412][330,412][330,413][329,413][328,414][329,413][330,412][329,413][328,414][328,415][326,415][326,417][326,418][326,419][325,419][325,420][325,421][324,423][323,424][321,424][320,425][319,425][317,425][316,425][315,449][292,463][291,463][290,463][289,463][244,459][218,451][217,451][216,451][186,472][186,474]
pt
[159,475][158,475][158,474][157,471][157,470][157,469][156,468][156,467][156,466][156,464][156,463][155,462][155,461][155,460][155,459][155,458][155,457][155,456][155,455][155,454][155,453][155,452][155,451][155,450][155,449][155,448][155,447][156,446][157,446][157,445][158,444][159,443][160,442][160,441][161,441][161,440][162,440][163,439][164,438][164,437][165,437][166,436][167,436][167,435][168,435][169,434][170,433][171,432][171,431][172,431][173,430][173,429][174,429][174,428][174,427][175,427][176,427][177,427][178,427][178,428][179,429][182,432][183,434][186,437][188,438][189,440][191,440][192,441][193,442][194,442][196,443][197,443][197,444][198,444][199,444][200,445][200,446][201,446][202,447][203,448][204,448][204,449][204,450][205,450][205,451][206,452][206,453][207,454][207,455][207,457][207,458][206,458][205,458][205,459][204,459][203,460][202,460][201,461][200,462][199,462][199,463][198,463][198,464][197,464][197,465][196,465][195,466][194,466][194,467][193,467][192,468][191,468][190,468][189,469][188,470][187,470][187,471][186,471][185,473][185,474][184,474][184,475][184,476][183,477][183,478][183,479]
pt
[175,425][175,424][175,423][175,421][175,419][175,418][176,416][177,415][177,414][177,413][178,412][178,411][179,410][180,409][180,408][180,407][181,406][182,406][183,405][184,404][185,403][185,402][186,402][187,401][188,401][188,400][189,400][189,399][189,398][190,398][191,397][191,396][191,395][192,394][192,393][193,392][194,391][194,390][194,389][194,388][194,387][194,386][194,385][193,384][192,384][192,383][191,383][190,382][189,382][189,381][187,380][186,379][185,379][185,378][184,378][183,377][183,376][182,375][182,374][182,373][182,372][182,371][182,370][182,369][182,368][182,367][182,366][182,365][182,364][182,363][182,362][182,361][182,360][182,359][183,359][183,358][184,356][185,356][186,356][187,356][189,356][190,356][192,356][192,355][193,355][195,355][196,355][197,355][198,355][200,355][201,355][202,355][203,355][204,355][205,355][207,355][209,355][210,355][211,355][212,355][213,355][214,355][215,355][216,355][217,355][218,355][219,355][219,356][220,356][221,356][221,357][222,357][223,357][224,358][225,358][225,359][226,359][227,359][228,359][229,360][230,360][231,360][232,360][233,360][235,360][236,360][237,360][238,360][239,360][240,360][241,360][242,360][243,360][244,360][245,360][246,360][247,360][247,359][248,359][249,359][250,359][251,358][253,357][254,357][255,357][255,356][256,355][257,355][257,354][257,353][258,353][259,352][259,351][260,351][261,350][261,349][262,348][263,348][264,347][265,346][266,346][266,345][267,344][267,343][267,342][267,341][267,340][267,338][267,337][267,336][267,335][266,334][265,333][264,332][264,331][263,331][262,330][262,329][261,328][261,327][261,326][260,325][260,324][260,323][259,323][259,322][258,322][258,321][257,320][257,319][257,318][256,317][256,316][256,315][255,314][254,313][254,312][253,311][252,310][251,310][250,309][249,309][249,308][248,308][247,308][246,308][246,307][245,306][245,305][245,304][245,303][245,302][245,301][245,300][245,299][245,298][245,296][246,295][247,294][247,293][248,292][249,291][250,290][251,290][251,289][252,288][253,288][254,287][255,287][256,286][257,286][258,286][260,286][261,286][262,286][264,285][266,285][267,284][268,284][269,284][270,284][271,284][272,284][272,283][273,283][274,283][275,283][276,283][277,283][278,284][279,284][279,285][279,286][279,287][280,288][280,289][280,290][280,291][280,292][280,293][281,294][282,294][283,294][284,294][285,294][286,294][287,294][288,294][289,294][289,293][290,293][291,293][292,293][293,293][293,292][294,292][295,290][296,288][298,286][299,284][300,283][300,282][302,281][302,280][303,279][303,278][304,278][305,277][306,277][307,277][308,277][309,277][310,277][311,277][312,277][313,277][315,277][316,277][318,277][320,277][322,277][324,278][327,279][328,279][329,279][331,280][332,280][332,281][333,281][334,281][335,281][336,282][337,282][338,282][339,283][340,283][341,283][342,283][343,283][344,283][345,283][346,283][347,283][348,283][350,283][351,283][352,283][353,283][354,283][355,283][357,283][357,282][357,281][358,281][358,280][359,279][360,278][360,277][361,277][361,275][363,274][364,273][366,271][367,270][367,269][368,268][369,268][369,267][369,266][371,265][372,262][373,260][375,258][376,257][378,254][378,253][379,252][379,251][380,249][381,249][381,248][382,247][382,246][384,245][385,244][385,243][386,241][387,241][388,240][388,239][389,237][390,235][391,235][391,234][392,234][393,234][394,234][395,234][397,235][398,235][399,236][401,237][404,240][406,241][409,243][412,245][413,246][415,247][416,247][417,246][418,245][418,244][419,243][419,242][419,241][419,240][419,238][419,237][425,233][426,233][427,233][428,232][428,231][429,231][429,230][429,229][429,228][429,227][429,226][429,225][429,224][429,223][429,222][429,221][429,220][429,219][429,218][429,217][429,216][429,215][429,214][426,211][426,210][426,209][426,208][427,207][428,206][429,205][431,205][432,204][433,203][435,203][435,202][437,201][438,201][439,200][441,200][441,199][442,199][443,198][444,198][444,197][445,197][445,196][446,195][447,195][448,194][449,193][450,192][450,191][451,191][452,190][452,189][453,189][453,188][453,187][454,187][454,186][455,186][455,185][456,185][456,184][457,183][457,182][458,181][458,180][459,179][460,179][461,178][461,177][462,176][463,175][464,174][464,173][465,172][466,171][467,170][468,169][468,168][469,168][469,167][470,167][471,166][472,165][473,164][475,163][476,163][476,162][476,161][477,161][477,160][478,159][479,158][480,157][482,155][484,155][484,154]
pt
[285,336][284,336][283,336][282,336][281,335][280,335][280,334][280,333][280,331][279,331][279,330][279,329][278,329][278,328][278,327][278,326][278,325][278,324][279,324][280,323][281,323][282,323][283,323][284,323][285,323][286,323][287,323][288,323][289,323][290,323][291,323][291,324][292,325][292,326][293,326][293,327][294,328][294,329][294,330][294,331][294,332][294,333][294,334][294,335][294,336][294,337][293,338][292,338][291,338][291,339][290,339][290,340][290,341][289,341][288,341][287,341][286,341][285,340][284,340][283,339][283,338]
pt
[71,271][70,271][69,271][68,271][67,271][66,271][66,270][66,269][65,269][65,268][65,267][65,266][65,265][66,264][66,263][66,262][65,260][65,259][64,259][63,259][62,259][61,259][60,259][59,259][58,259][57,259][56,258][56,257][56,256][56,255][56,254][56,253][56,252][56,251][56,250][56,249][57,248][58,247][58,246][59,246][60,245][61,245][62,244][63,244][64,244][65,244][66,244][67,244][68,244][69,244][70,244][71,244][72,244][73,244][74,245][75,245][75,246][76,247][77,247][77,248][78,248][78,249][79,250][79,251][80,251][81,252][82,252][83,253][84,254][84,255][85,255][85,256][85,257][85,258][85,259][85,260][84,260][84,261][83,261][83,262][81,263][81,264][80,264][80,265][79,265][78,265][77,265][76,265][76,266][75,266][74,266][73,267][72,268][72,269][70,270][70,271][69,272][70,272][71,272][72,273]
