11
cr
[406,0][405,0][405,2][404,3][402,3][401,3][399,3][398,4][397,4][397,5][397,6][396,6][396,7][396,8][396,9][396,10][395,10][394,10][392,11][389,11][385,11][382,11][381,11][379,11][379,12][378,12][375,20][366,35][348,51][342,60][317,60][299,53][283,67][276,78][274,63][252,67][243,79][254,97][260,114][262,124][252,124][239,127][238,128][224,145][212,133][191,135][177,140][178,155][187,168][187,169][178,188][177,188][173,201][172,201][177,211][178,211][188,219][201,228][218,229][235,233][243,239][261,239][272,244][282,245][291,242][301,233][310,232][317,219][312,212][312,213][309,202][321,195][317,192][324,186][334,188][329,176][329,161][336,154][322,153][312,159][305,155][306,139][295,136][288,132][288,117][297,117][302,109][311,114][316,104][316,103][324,112][328,126][326,135][335,137][352,124][365,117][375,102][381,87][379,73][394,73][394,74][404,80][412,86][423,83][435,88][441,77][453,70][470,68][476,80][487,83][500,86][501,62][518,55][535,50][543,56][555,61][567,58][564,50][576,38][589,32][594,19][594,1][594,2][500,5][496,9][483,12][477,2]
cr
[421,169][421,170][421,184][432,191][440,187][432,182][432,171]
cr
[483,200][467,208][462,214][462,215][471,225][488,228][496,231][497,231][510,223][519,215][527,216][526,199][517,193][483,200]
cr
[568,203][573,206][572,207][572,208][572,210][572,212][567,222][566,224][565,227][574,232][587,229][599,244][612,237][627,241][635,234][636,234][639,221][631,211][605,213][591,208]
cr
[36,200][54,203][63,200][72,192][85,185][90,179][97,173][107,174][109,182][113,198][114,211][115,226][115,235][111,243][105,247][112,254][124,254][131,265][135,273][130,282][130,283][125,291][131,298][140,298][123,305][117,307][116,307][103,309][85,302][72,302][60,308][47,306][60,314][55,325][54,325][46,330][43,342][33,350][38,368][39,368][39,370][39,370][41,370][42,370][42,370][60,370][77,373][77,358][90,350][106,345][106,346][107,346][108,346][119,344][134,335][150,335][166,329][177,340][181,348][184,328][192,330][192,331][199,342][209,351][219,341][226,348][221,364][216,376][211,385][215,394][216,394][216,395][215,414][199,406][183,407][171,397][177,384][169,381][172,366][165,355][153,347][149,340][144,350][132,351][123,360][116,375][116,376][117,385][103,383][90,386][82,389][74,399][74,400][74,401][68,405][55,409][46,418][38,419][27,413][17,404][5,401][-1,340][11,316][12,316][18,297][17,278][24,284][24,285][30,296][31,296][44,287][59,276][63,265][53,253][33,240][27,227][24,208][27,197][40,198][54,205]
cr
[268,140][268,141][258,145][254,144][256,156][256,157][253,164][253,165][252,177][244,179][240,184][242,193][242,194][247,200][248,200][260,201][275,199][276,199][284,194][285,194][290,190][290,171][299,170][303,163][303,158][297,151][284,143][278,137]
cr
[264,99][267,102][273,110][273,111][273,122][280,122][280,123][280,114][287,107][289,98][276,96][267,94]
cr
[183,361][189,363][197,361][195,353][191,348][185,351][185,352][184,357]
cr
[358,145][357,145][355,147][346,152][345,153][337,161][330,162][330,163][332,185][333,185][333,187][334,187][335,187][359,182][387,176][401,174][414,188][421,199][421,200][423,200][423,201][424,202][433,219][441,232][464,231][459,199][450,174][421,154][407,144][377,142][363,139]
cr
[531,190][531,192][530,194][526,204][527,204][527,205][527,206][528,209][532,218][533,218][534,218][556,220][556,221][557,221][565,223][571,205][568,198]
cr
[184,73][184,74][184,75][186,75][187,76][200,82][200,83][200,84][201,84][201,85][210,93][210,94][210,95][207,108][206,108][188,107][186,90][182,77]
