27
pt
[167,275][166,275][165,275][164,275][163,275][162,277][161,278][161,279][161,280][160,281][160,282][160,283][160,284][160,285][160,287][160,288][160,289][160,290][160,291][160,292][160,293][160,294][160,295][160,297][161,298][162,298][163,298][164,298][165,299][166,299][167,299][168,299][169,299][170,299][171,299][172,299][173,300][174,300][175,300][176,301][177,301][178,301][179,301][180,301][181,301][182,301][183,301][184,301][184,300][184,299][184,298][184,297][185,296][185,295][185,294][185,293][186,292][187,292][187,291][187,290][187,289][187,288][187,287][187,286][187,285][187,284][186,283][185,282][184,282][183,281][182,281][181,280][179,280][179,279][178,279][177,278][176,278][175,278][174,278][173,278][172,277][171,277][170,277][169,277][168,277][167,277][167,276][166,276][165,276]
pt
[78,231][77,231][76,232][76,233][75,234][74,235][74,236][73,237][72,238][72,239][71,240][71,241][71,242][70,242][70,243][70,244][69,244][69,245][69,246][69,247][69,248][69,249][69,250][69,251][69,252][69,253][69,254][69,255][68,256][68,257][68,258][68,260][67,261][67,262][67,263][67,264][67,265][67,266][67,267][67,268][67,269][67,270][67,271][67,272][67,273][67,274][67,275][67,276][67,277][67,278][67,279][67,280][67,281][67,282][67,283][67,284][68,284][69,285][70,286][70,287][70,288][71,289][71,290][72,290][73,290][74,291][74,292][75,292][76,292][76,293][76,294][76,295][76,296][75,297][74,298][74,299][73,299][73,300][72,300][71,300][69,300][69,301][68,301][67,302][66,303][65,303][65,304][64,304][63,304][62,304][61,304][61,303][60,302][60,301][60,300][60,301][60,303][60,304][60,305][60,306][61,306][62,307][63,308][64,310][65,311][66,311][67,312][68,313][69,313][70,314][71,314][72,314][73,314][74,315][75,316][76,316][77,317][78,317][79,317][80,317][81,318][82,318][83,320][83,321][83,322][83,323][84,323][84,324][84,325][84,326][84,327][84,328][84,329][84,330][83,331][82,331][81,331][80,331][79,331][79,332][78,332][77,332][76,332][76,333][75,333][74,333][74,334][73,334][72,334][71,334][71,335][70,335][70,336][69,337][69,338][69,339][69,340][68,340][68,341][68,342][68,343][68,344][68,345][68,346][68,347][68,348][68,349][68,350][69,351][70,352][70,353][70,354][70,355][70,356][70,357][70,358][70,359][70,360][70,361][69,361][69,362][68,362][67,362][66,363][64,363][63,363][62,363][61,363][60,363][59,363][58,363][57,363][56,363][56,364][55,364][54,364][53,364][52,364][51,364][49,364][48,364][47,364][46,364][45,364][44,364][43,364][42,364][42,363][41,363][40,362][39,361][38,360][37,359][36,359][35,358][34,357][33,357][32,356][31,356][31,355][30,355][29,354][29,353][28,353][27,353][27,352][26,352][25,351][24,349][24,348][24,347][24,346][24,345][25,345][26,345][27,345][28,345][29,345][30,345][30,344][31,343][32,343][32,342][32,340][32,339][32,338][32,337][32,336][31,335][30,334][29,333][29,332][28,332][27,331][27,330][26,329][25,329][25,328][24,327][24,326][24,325][24,323][24,322][25,322][25,320][26,320][26,319][26,318][26,317][26,316][26,315][25,315][24,315][24,314][23,314][23,313][22,312][21,312][20,312][20,311][19,310][19,309][18,308][17,308][17,307][16,306][15,306][14,305][13,304][12,303][12,302][11,302][10,301][10,300][10,299][10,298][10,297][10,296][10,294][11,293][12,292][12,290][13,290][14,289][14,288][15,287][15,286][15,285][16,284][17,283][17,282][17,281][17,279][17,278][17,277][17,276][18,275][18,274][18,273][18,272][18,270][18,269][19,267][20,266][20,265][21,265][21,264][22,264][23,263][25,262][26,262][28,260][29,260][30,259][31,259][32,259][33,259][34,258][35,258][36,258][36,257][37,257][31,257][30,257][29,256][28,256][27,255][26,255][25,255][24,255][23,255]
pt
[23,234][23,233][24,233][25,233][26,233][28,233][29,232][30,231][31,230][32,230][33,230][34,230][35,230][36,230][37,230][38,230][39,230][40,230][41,230][41,229][42,229][43,228][44,227][44,226][44,225][44,224][44,223][44,222][44,221][44,220][44,219][45,219][47,219][48,219][49,219][50,219][51,219][51,218][52,218][52,217][53,217][53,216][54,215][55,215][56,215][57,215][58,215][59,215][60,215][60,216][61,216][62,217][63,218][64,219][64,220][65,221][66,221][67,223][68,224][69,224][70,225][71,225][72,225][73,225][74,225][74,226][75,226][76,227][77,227][78,228][78,229]
pt
[20,233][20,234][20,235][20,236][20,237][20,238][20,239][20,240][20,241][20,242][20,243][21,244][21,245][21,246][21,247][22,248][22,249][22,250][23,251][24,251][24,252][24,254]
pt
[76,163][76,164][76,165][76,166][76,167][75,168][75,169][75,170][75,171][75,172][76,173][77,173][77,174][78,174][79,174][81,174][82,174][83,174][84,174][85,173][86,172][87,170][88,169][88,168][89,168][89,167][89,166][89,165][89,164][89,163][89,162][89,161][89,160][89,159][89,158][89,157][89,156][89,155][88,155][87,155][86,155][85,155][84,155][83,155][82,156][81,156][81,157][80,158][79,158][79,159][78,160][77,161][77,162][76,162]
pt
[94,134][95,134][95,135][95,136][96,138][97,139][97,140][97,141][97,142][98,142][98,143][98,144][98,145][98,146][98,147][98,148][97,148][96,148][95,148][94,148][93,148][92,148][91,148][90,148][89,148][88,148][87,148][86,147][85,146][84,145][84,144][85,143][86,143][86,142][87,142][88,142][88,141][89,140][90,140][91,139][91,138][92,137][92,136][92,135][93,135][93,134][93,133]
pt
[16,228][15,228][14,227][14,226][13,226][13,225][12,225][11,224][10,223][9,222][8,221][7,221][6,221][6,219][5,219][4,219][3,219][2,219][2,220][2,221][2,222][2,223][2,224][2,225][2,226][2,227][2,228][2,229][2,230][2,231][2,232][2,233][2,234][2,235][2,236][2,237][2,238][2,239][2,240][2,241][2,242][2,244][3,246][3,247][3,248][4,248][4,249][4,250][5,250][6,251][7,251][7,252][8,252][9,252][11,252][12,252][13,252][14,252][15,252][16,252][17,252][18,252][18,251][18,250][18,248][17,248][17,247][17,246][17,245][17,244][17,243][17,242][17,241][17,240][15,240][15,239][15,238][15,237][15,236][15,235][15,234][15,233][15,232][15,231][15,230][15,229][15,228]
pt
[69,366][69,367][68,368][67,369][66,369][65,369][64,369][63,370][62,370][60,370][59,370][58,370][57,370][56,370][55,370][54,370][53,370][51,370][50,370][49,370][48,370][47,370][46,370][45,370][44,370][43,371][43,372][42,372][41,373][40,373][39,374][38,375][37,375][36,375][36,374][35,374][35,373][34,373][34,372][33,372][32,371][32,370][31,370][31,369][30,367][29,367][29,366][28,365][28,364][28,365][28,366][28,367][28,368][28,369][28,370][28,371][28,372][28,373][28,374][28,375][28,377][28,378][28,379][28,380][28,381][28,382][28,383][28,384][28,385][27,385][26,385][25,385][24,385][24,387][22,387][21,387][20,387][19,388][18,388][18,389][17,389][17,390][17,391][16,391][16,392][15,392][14,393][13,394][12,395][11,396][11,397][11,398][11,399][11,400][12,401][12,402][13,403][14,403][14,404][15,405][16,405][16,406][17,407][18,407][19,407][19,408][20,408][22,409][23,409][24,410][25,410][26,410][26,411][27,411][28,412][29,412][30,412][30,413][32,413][33,413][34,413][35,413][36,413][37,413][38,413][39,413][40,413][41,414][42,414][43,414][44,415][44,416][45,417][46,417][46,418][47,419][48,419][48,420][49,420][49,421][50,421][51,421][52,421][53,421][54,421][55,421][56,421][57,421][58,421][59,421][60,421][61,420][63,419][64,419][65,419][65,418][65,417][66,416][67,416][67,415][68,415][68,414][69,414][71,413][72,412][73,412][74,412][75,412][76,411][77,411][78,410][78,409][79,409][79,408][79,407][79,406][79,405][79,404][79,403][78,402][78,401][77,400][77,399][77,398][76,397][75,397][75,396][74,396][74,395][73,394][72,394][71,393][70,392][69,391][69,390][69,389][69,387][70,387][71,387][73,387][74,387][74,388][75,389][76,389][77,389][77,390][78,390][79,390][79,389][79,387][79,386][79,385][79,384][79,383][79,382][80,381][81,381][82,381][83,381][84,381][85,381][86,381][87,381][88,381][89,381][90,381][91,381][92,381][93,381][94,381][95,381][96,381][97,381][98,381][99,380][100,380][101,379][102,379][102,377][102,376][102,375][102,374][102,373][102,371][101,370][101,369][100,368][100,367][99,367][99,366][98,365][97,364][97,363][96,363][95,362][94,362][93,362][91,362][90,362][89,362][88,362][87,362][86,362][85,362][84,362][83,363][82,364][81,364][80,364][80,365][79,366][79,367][78,367][78,368][77,369][76,369][75,369][75,370][74,370][72,370][71,370][70,370][69,370][68,369][68,368]
pt
[1,455]
pt
[638,373][637,374][636,375][636,376][635,376][635,377][635,378][634,379][633,379][633,380][632,381][631,381][631,382][630,382][629,383][629,385][628,385][628,386][627,386][627,387][626,387][625,388][625,389][624,389][624,390][623,391][623,392][622,394][621,394][621,395][620,396][620,397][619,397][619,398][618,398][618,399][617,400][617,401][616,401][615,402][614,403][613,404][612,405][611,406][610,406][610,407][609,407][609,408][608,408][607,408][607,409][606,409][606,410][605,410][603,411][602,411][601,412][600,412][599,413][599,414][598,414][597,414][597,415][596,416][595,416][595,417][593,417][592,418][591,419][590,419][589,419][589,420][588,421][587,422][586,423][585,424][585,425][585,426][584,426][584,427][583,428][583,429][583,430][583,431][582,432][581,432][581,433][580,433][580,434][579,434][579,435][578,435][577,435][576,436][574,437][573,437][572,437][571,438][570,438][569,439][568,440][568,441][567,441][566,442][565,443][564,443][563,443][563,444][562,444][561,445][559,446][559,447][558,448][558,449][557,449][556,449][555,450][555,451][555,452][554,452][554,453][553,453][553,454][552,454][552,455][551,456][550,457][549,457][549,458][548,458][548,459][548,460][548,461][548,462][548,463][547,464][547,465][547,466][547,467][546,467][545,468][544,469][544,470][543,471][542,471][542,472][541,472][541,473][540,474][539,475][538,475][537,476][537,477]
pt
[550,478][550,477][550,476][551,476][552,475][553,475][553,474][554,474][556,473][557,472][557,471][558,471][558,470][559,469][560,468][561,467][562,467][563,466][563,465][563,464][564,463][564,462][564,461][565,460][565,459][565,458][566,458][566,457][567,456][567,455][568,454][569,453][569,452][570,451][571,450][572,450][572,449][573,449][574,448][575,448][575,447][576,447][577,447][578,446][578,445][579,445][580,444][581,444][582,444][583,443][584,443][584,442][585,442][586,442][586,441][587,440][588,440][588,439][589,438][590,438][591,437][591,436][592,436][593,435][593,434][594,434][595,433][596,433][597,433][597,432][598,431][599,430][600,430][601,430][602,429][603,429][603,428][604,427][605,426][607,424][607,423][608,423][608,422][608,421][609,420][610,420][611,419][612,418][612,417][613,417][614,416][614,415][615,415][615,414][615,413][616,413][616,412][617,411][618,410][618,409][619,408][620,407][621,407][621,406][621,405][622,405][622,404][623,403][624,403][625,403][626,402][626,401][627,400][628,400][628,399][629,399][630,398][631,398][631,397][632,397][633,396][635,395][635,394][636,393][636,392][636,391][637,391][637,390][637,389][638,389][639,388]
pt
[24,419][23,419][22,419][21,419][20,419][19,419][18,419][17,419][16,419][15,419][14,419][13,419][12,419][11,419][10,419][9,419][8,419][7,419][6,420][5,421][5,422][4,422][3,423][3,424][3,425][3,426][3,427][3,428][3,429][3,430][3,431][4,432][4,433][4,434][5,434][5,435][6,436][6,437][7,437][8,438][9,438][10,438][11,438][12,438][13,438][15,438][16,438][17,438][19,437][19,436][20,436][20,435][21,435][21,434][22,433][22,432][23,431][23,430][23,429][23,428][23,427][23,426][23,425][24,423][25,422][25,421][25,420][26,419]
pt
[113,261][113,260][113,261][113,263][113,264][113,265][113,266][113,267][113,268][113,270][113,271][113,272][113,273][113,274][113,275][113,276][113,277][112,278][112,279][112,280][112,281][112,282][112,283][111,283][110,284][110,285][110,286][109,287][109,289][109,290][109,291][109,292][109,293][109,294][110,295][112,296][114,296][115,296][116,297][117,297][118,298][120,298][121,298][122,298][124,300][125,300][126,300][127,300][128,300][130,301][131,301][132,302][133,302][134,303][136,304][137,304][138,305][138,306][139,306][139,307][140,307][140,308][141,310][142,311][143,312][144,313][145,313][145,314][146,315][147,316][147,317][147,318][148,318][148,319][149,320][149,321][150,321][150,322][151,324][151,325][152,326][152,328][153,329][153,330][154,331][154,332][154,333][155,335][155,336][156,338][156,339][156,340][156,341][156,342][156,343][156,344][157,345][158,346][158,347][158,348][158,349][158,351][159,352][159,353][159,354][159,355][159,356][159,357][159,358][159,359][159,360][160,361][160,362][161,363][162,363][163,363][164,362][165,361][165,360][165,359][165,358][166,357][166,356][167,356][168,356][169,356][169,355][170,355][171,355][172,355][174,354][175,354][176,354][177,354][178,354][178,353][179,353][180,353][185,349][186,349][186,348][187,347][188,347][189,347][189,346][190,346][191,346][192,346][195,345][196,345][196,344][197,343][198,342][199,341][200,341][200,339][201,339][202,338][203,338][204,337][205,337][206,337][206,336][207,336][208,336][209,335][210,335][210,334][212,334][213,334][214,333][214,332][215,332][216,332][217,332][218,332][219,332][221,332][222,332][223,331][224,331][226,331][227,331][227,329][228,329][229,329][230,328][231,328][232,328][233,327][233,326][234,326][234,325][234,324][235,324][235,323][235,322][235,321][235,320][235,319][235,318][235,317][235,316][235,315][235,314][235,313][235,312][235,311][235,310][236,308][237,307][237,306][237,305][237,304][238,303][238,302][239,301][239,300][239,299][240,298][240,297][240,296][241,295][241,294][241,293][241,292][241,291][241,290][241,289][241,288][241,287][241,286][241,285][242,283][242,282][243,282][243,281][243,280][244,279][244,278][244,277][244,276][244,275][244,274][244,273][244,272][244,271][244,270][243,270][242,270][241,270][240,270][239,270][238,270][237,270][236,270][236,271][235,271][234,271][233,271][232,271][231,271][230,271][229,271][229,270][228,269][227,269][227,268][227,267][227,266][228,266][229,265][230,265][230,264][231,264][232,263][233,262][234,261][234,260][234,259][234,258][234,257][234,256][234,255][234,254][234,253][234,252][234,250][234,249][234,248][234,247][234,246][234,245][234,244][234,243][234,242][235,240][236,239][237,239][237,238][238,238][239,238][240,238][240,237][241,236][242,236][243,236][244,235][245,235][246,235][246,234][246,233][246,232][246,231][246,230][246,229][245,228][244,228][244,227][243,225][242,225][242,224][241,223][241,222][240,222][239,221][238,220][237,219][236,219][235,219][234,218][233,218][231,217][231,216][230,216][228,216][227,216][226,216][225,215][223,214][222,214][221,214][220,214][219,214][218,214][217,214][216,214][215,214][214,214][212,214][211,214][210,215][209,216][208,217][207,217][207,218][206,218][206,219][206,220][205,221][204,222][203,223][202,224][201,224][200,224][200,225][199,226][198,226][197,227][196,228][195,228][194,228][193,229][193,230][192,230][191,231][190,232][190,233][189,233][188,234][187,234][186,235][185,235][185,236][183,237][182,237][181,238][180,239][179,240][178,240][178,241][177,242][177,243][176,244][176,246][175,246][174,247][174,248][173,249][172,249][172,250][171,250][171,251][171,252][170,253][169,254][168,254][168,255][167,256][165,257][164,258][163,258][162,259][161,259][160,260][159,260][158,260][158,261][157,261][155,261][154,261][153,262][152,262][151,262][150,262][150,263][149,263][148,263][147,263][145,263][145,264][144,264][143,264][141,264][140,264][139,264][138,264][137,264][136,264][135,264][134,264][133,264][132,264][131,264][130,264][129,263][128,263][127,263][126,263][125,263][124,262][123,262][123,261][122,261][121,261][120,261][119,261][118,261][117,261][116,261][115,261]
pt
[160,373][160,372][160,373][160,375][160,376][160,377][160,378][160,379][160,380][160,381][161,382][162,383][162,384][163,386][163,387][163,388][163,389][164,389][164,390][164,391][164,392][164,393][164,394][165,395][165,397][165,398][165,399][165,400][165,402][165,403][165,404][165,406][165,407][165,408][165,409][165,410][165,411][165,412][165,413][165,416][165,417][165,418][165,419][166,419][166,421][166,422][166,423][166,424][166,425][167,426][167,427][167,428][167,429][167,430][167,431][167,432][167,433][167,434][167,436][167,437][167,438][167,439][167,440][167,441][167,443][167,444][167,446][167,447][167,448][167,449][167,450][167,451][167,452][167,453][167,454][167,456][167,457][167,458][167,459][168,460][168,461][168,462][168,463][168,464][168,466][168,467][168,468][169,468][169,469][170,469][171,469][172,469][173,469][174,469][175,469][176,469][176,468][177,468][177,466][178,466][179,466][180,466][181,466][182,466][183,466][184,466][185,466][186,466][187,466][188,466][189,466][190,466][191,466][192,466][194,466][195,466][197,466][198,466][199,466][200,466][201,466][202,466][204,466][205,466][206,466][207,466][208,466][209,466][210,466][212,466][213,466][214,466][215,466][216,466][217,466][218,467][219,467][220,467][221,467][222,468][223,468][225,468][226,468][227,466][227,465][227,464][227,463][227,462][227,461][227,460][227,459][227,458][227,456][226,455][226,454][224,453][224,452][224,451][223,450][223,449][223,448][223,447][222,446][221,446][221,445][221,444][221,443][221,442][221,441][221,440][221,439][222,438][222,436][222,435][223,435][224,434][224,433][224,432][225,432][225,431][225,430][225,429][225,428][225,426][225,425][225,424][225,423][225,422][225,421][225,420][225,419][225,418][225,417][225,416][225,415][226,414][226,413][226,411][226,410][226,409][226,408][226,407][226,406][227,405][227,404][227,403][227,402][227,401][227,400][227,399][227,398][227,397][227,396][227,395][227,394][228,393][228,392][228,391][228,390][228,389][229,389][229,388][229,387][229,386][229,385][230,384][230,383][230,382][230,381][231,381][231,380][231,379][231,378][231,377][231,376][231,375][231,374][232,373][233,372][233,371][233,370][233,369][233,368][233,367][233,366][234,364][234,363][234,362][234,361][234,360][234,359][234,357][234,356][233,355][233,354][233,353][232,353][231,352][231,351][231,350][231,349][230,349][230,347][230,346][230,345][230,344][230,343][230,342][230,341][230,340][230,339][230,338][230,337][230,336][230,335][230,334][229,334][228,335][227,335][227,336][226,337][226,338][224,339][224,340][223,340][223,341][222,342][222,343][221,343][220,344][219,344][219,345][218,345][217,345][216,347][214,347][213,347][212,348][211,348][210,348][209,348][208,348][207,348][205,348][204,348][204,349][203,349][202,349][201,350][200,350][198,350][198,351][197,351][196,351][195,351][194,352][193,352][192,353][191,353][191,354][190,354][188,354][188,355][187,356][186,357][184,357][183,358][183,359][182,359][182,360][180,360][179,361][178,362][177,362][176,363][175,363][173,363][173,364][172,364][171,364][171,365][170,365][169,365][168,366][167,366][166,367][165,367][164,367][163,368][162,368][162,369][161,369][161,370][160,370][159,370]
pt
[102,400][101,400][100,400][99,401][99,402][98,403][98,404][97,405][97,406][97,407][97,408][97,409][96,410][96,411][96,412][96,413][97,413][98,413][99,413][100,413][101,413][101,414][101,415][101,416][101,417][100,419][100,420][99,421][99,422][99,423][99,424][98,424][98,425][98,426][98,427][98,428][98,429][98,430][98,431][98,432][98,433][98,434][98,435][99,436][100,436][100,437][101,437][101,438][102,438][102,439][103,440][104,440][105,440][106,440][107,440][109,440][110,440][111,440][112,440][112,439][112,438][113,436][113,435][113,434][113,433][113,432][113,431][114,429][114,428][114,427][114,426][114,425][114,424][113,424][113,423][113,422][113,421][113,420][113,419][113,418][113,417][113,416][113,415][113,414][113,413][113,412][113,411][113,410][113,409][112,408][112,407][111,407][111,406][110,406][109,406][108,406][107,405][106,405][105,404][105,403][104,402][104,401][104,400][104,399][102,398]
pt
[50,441][48,441][47,440][46,439][45,439][44,439][43,439][42,439][41,439][40,439][40,440][39,441][38,442][37,443][37,444][37,445][36,446][36,447][36,448][36,449][36,450][36,451][36,452][36,453][36,454][36,455][36,456][36,457][37,458][38,458][39,459][40,460][40,461][41,461][43,462][44,462][45,462][46,462][47,462][48,462][49,462][50,462][51,462][51,461][51,460][51,459][51,457][51,456][51,455][51,454][51,453][51,452][51,451][51,450][51,449][51,448][51,447][51,446][51,445][51,444][50,443][50,442][50,441][50,440][49,440]
pt
[21,461][21,460][20,460][19,460][18,460][18,459][17,459][16,458][15,457][14,456][13,456][12,456][11,456][10,455][9,455][8,455][7,455][6,455][5,455][4,455][2,455][1,455][0,457][19,461][19,460][20,461][21,462][22,463][22,464][22,465][22,466][22,467][21,468][20,469][18,469][18,470][17,470][16,470][15,470][14,470][12,470][11,470][10,471][10,472][9,472][8,473][7,473][6,473][5,473][4,473][3,473][2,473][1,473][0,473][0,472]
pt
[55,467][55,468][56,470][57,471][57,472][57,473][58,474][58,475][60,476][60,477][61,477][62,477][64,477][65,477][66,477][67,476][68,476][70,475][71,474][71,473][72,473][73,472][73,471][74,470][74,469][74,468][74,467][74,466][74,465][74,463][73,462][72,462][70,461][69,461][68,461][67,461][66,461][66,460][65,460][64,460][63,460][62,460][61,460][60,460][59,460][58,460][57,460][56,460][55,460][54,460][54,461][54,462][54,463][54,464][54,465][54,466][54,467][54,468][54,469][55,469][55,470]
pt
[96,446][95,446][95,447][94,447][93,448][92,448][92,449][91,449][89,449][88,449][87,449][86,449][85,450][84,450][83,450][82,450][81,450][80,450][79,449][78,449][78,448][77,447][76,446][76,444][75,444][74,443][74,442][73,441][73,440][72,440][71,439][71,438][70,437][69,437][68,436][68,435][67,435][67,434][67,433][67,432][67,431][67,430][69,429][70,429][71,429][72,429][73,429][74,429][75,429][76,429][77,429][78,429][79,429][80,429][81,429][82,429][83,429][84,429][85,431][86,432][87,432][87,433][88,434][89,435][90,436][91,437][91,438][92,438][93,439][93,440][94,441][94,442][94,443]
pt
[87,192][87,193][86,193][84,193][83,193][82,193][80,194][79,195][79,196][79,197][79,198][79,199][79,200][79,201][79,202][80,203][81,203][81,204][82,204][82,205][83,205][84,206][85,206][86,206][87,206][87,205][88,205][89,204][90,203][90,201][90,200][90,199][90,198][90,197][90,196][90,195][90,194][90,193]
pt
[99,234][98,234][97,234][96,234][95,234][94,234][93,234][92,234][90,234][89,234][88,234][87,234][86,234][86,235][85,235][85,236][85,237][85,238][85,239][85,241][85,242][86,242][86,243][87,243][88,243][89,243][90,243][91,243][92,243][93,243][94,243][95,244][96,244][97,244][98,244][99,244][99,243][99,241][99,240][99,239][99,238][99,237][98,236][97,235][97,234][96,234]
pt
[126,456][125,456][124,456][124,455][123,454][123,453][122,452][122,451][121,450][121,449][121,448][121,449][121,450][120,451][120,452][120,453][118,454][118,455][117,456][116,456][116,457][115,457][114,458][114,459][114,460][114,461][114,462][114,463][114,464][115,464][115,465][115,466][116,466][116,467][118,467][119,467][120,467][121,466][122,465][122,464][123,464][123,463][124,462][125,461][125,460][125,459][125,458][125,457]
pt
[637,119][637,118][636,119][636,120][635,121][635,122][633,124][632,125][632,126][631,126][630,128][629,128][629,129][628,129][627,129][626,129][626,130][625,130][624,131][623,131][622,132][621,132][620,133][619,134][618,134][617,134][616,135][615,135][614,135][613,135][613,136][612,136][611,136][610,136][610,138][609,138][608,138][607,138][606,138][605,138][603,139][602,140][601,141][600,141][599,142][598,143][597,144][596,144][595,144][594,144][593,144][593,145][592,145][591,145][590,146][589,147][587,147][587,148][586,148][585,148][584,150][583,150][582,150][582,151][581,151][580,151][580,152][579,152][577,153][576,153][575,154][574,154][573,154][572,154][571,155][570,155][569,155][568,156][567,156][566,157][566,158][565,158][565,159][564,159][564,160][563,160][562,161][561,161][561,162][560,162][559,162][559,163][557,163][556,163][555,164][554,164][553,165][552,166][551,166][551,167][550,167][549,168][548,169][547,169][546,169][546,170][545,170][544,170][543,171][542,172][541,172][540,172][540,173][539,173][539,174][538,174][537,175][536,175][535,176][534,176][534,177][533,177][532,178][531,179][530,179][530,180][529,180][528,180][527,180][525,181][524,181][523,182][522,182][521,182][520,183][519,183][518,183][516,183][516,184][515,184][514,184][514,185][513,185][512,185][511,185][511,186][510,186][509,186][508,187][507,187][506,188][505,188][504,189][503,189][503,190][502,190][501,191][500,191][500,192][499,192][498,192][497,192][497,193][495,193][495,194][494,194][493,194][492,195][491,196][490,196][489,198][487,198][487,199][486,199][486,200][485,200][484,201][483,202][482,202][482,203][481,203][480,204][479,205][477,205][477,206][476,206][475,206][474,208][473,208][472,208][471,209][469,210][468,210][467,210][467,211][466,211][465,212][464,212][463,212][462,212][461,212][460,213][459,213][458,213][458,214][457,215][456,215][455,216][455,217][453,218][453,219][452,220][451,220][450,221][449,221][448,221][448,222][447,222][446,223][445,224][444,224][443,225][442,225][441,225][440,226][439,226][438,226][437,227][436,227][435,228][434,228]
pt
[432,227][431,227][431,228][430,228][430,229][430,230][429,230][428,232][428,233][427,233][427,234][427,235][426,236][426,237][425,237][424,238][424,239][423,239][422,240][421,240][420,241][419,242][417,243][416,244][415,244][414,244][413,244][411,245][410,245][409,245][408,245][408,246][407,247][406,247][405,247][404,248][403,248][402,249][400,250][399,250][399,251][398,251][398,253][397,253][396,253][396,254][395,254][394,254][394,255][393,255][392,256][391,257][390,257][389,257][388,258][387,258][386,258][385,258][385,259][384,259][383,259][382,260][380,260][379,260][377,261][377,262][375,262][374,263][373,263][372,263][371,263][370,264][369,264][368,264][367,265][366,266][365,266][363,267][362,268][361,268][360,268][360,269][359,269][357,270][356,271][356,272][355,272][355,273][353,273][351,273][349,275][348,275][347,275][346,275][345,275][344,275][344,276][343,276][342,276][341,276][340,276][339,277][339,278][338,278][337,278][336,278][335,279][334,279][333,280][333,281][331,281][331,283][330,283][329,283][329,284][328,284][327,285][326,285][325,286][324,287][323,287][322,288][321,288][320,288][319,289][318,289][318,290][317,290][316,290][316,291][315,291][314,293][313,293][313,294][312,294][311,294][310,295][309,295][308,296][308,297][307,297][306,297][304,298][303,298][302,298][301,298][300,299][299,300][298,300][297,300][296,300][295,300][295,301][294,301][292,303][291,303][290,304][289,304][288,304][287,305][286,306][284,306][284,307][283,307][282,308][280,308][279,309][278,310][277,311][276,311][275,312][275,313][274,313][274,314][273,315][272,316][270,316][269,316][269,317][268,318][267,318][266,318][266,319][265,319][263,320][262,321][260,322][259,322][258,323][257,323][256,324][255,324][254,324][253,324][252,325][250,325][249,325][248,325][247,326][246,326][246,327][245,327][244,327][242,328][241,328][240,328][240,329][239,329][239,330][238,330][237,331][236,331][235,332][234,332][233,332][232,333][232,334][231,334]
pt
[156,374][156,373][155,373][154,373][153,373][153,374][152,374][151,374][150,376][149,377][148,377][147,378][147,379][146,379][146,380][145,380][145,381][143,382][142,382][142,383][141,383][141,384][140,384][137,385][135,386][134,387][133,387][132,387][131,388][130,389][129,389][127,389][126,390][122,391][121,391][119,391][118,392][117,392][116,392][115,392][114,392][114,393][113,393][112,394][111,395][110,397][109,398][108,398][107,399][106,400][105,401][104,402][103,402][102,402][101,403][100,403][99,403][99,404][97,404][96,404][95,405][94,405][93,405][93,406][92,406][91,406][89,407][89,408][88,408][87,408][86,409][84,409][84,410][83,410][81,411][81,412][79,412][78,412][78,413][77,413][76,413][75,414][74,414][74,415][73,416][72,417][71,418][70,418][69,419][68,419][67,420][66,421][65,421][64,422][63,422][63,423][62,423][61,423][60,423][58,424][58,425][57,425][57,426][55,426][55,427][54,427][53,427][52,428][51,428][50,428][49,428][49,429][48,429][47,429][46,430][46,431][45,431][44,432][43,432][42,432][41,433][39,433][38,434][37,436][36,436][35,436][34,437][33,437][32,438][31,438][30,439][29,440][28,440][27,440][26,440][26,441][25,441][25,442][24,442][24,443][23,443][22,444][21,444][21,446][20,446][19,446][18,447][17,447][16,448][15,448][14,448][13,448][13,449][12,449][11,450][10,450][9,450][8,450][7,450][7,451][6,451][5,451][4,452][3,453][2,453][0,453][0,454]
pt
[634,107][635,107][634,107][632,107][632,108][631,109][630,109][629,110][628,111][627,111][627,112][626,112][625,112][624,113][622,113][621,114][620,114][619,115][618,116][617,116][616,116][615,116][615,117][614,117][613,117][612,118][611,118][611,119][610,119][609,120][608,120][607,121][607,122][606,122][605,122][604,122][603,123][602,123][601,124][600,125][599,125][598,125][597,125][597,126][596,126][595,126][593,127][593,128][592,128][591,128][590,129][589,130][588,130][586,131][585,132][584,132][583,133][582,133][582,134][581,134][580,134][580,135][579,135][578,135][577,136][576,136][576,137][575,137][574,137][573,138][572,138][571,138][571,139][570,139][569,139][569,140][568,140][568,141][567,141][566,141][566,142][565,142][564,142][563,142][562,143][562,144][561,144][560,144][560,145][559,145][558,145][557,145][557,146][556,146][555,147][553,148][552,149][551,150][550,151][549,151][548,152][547,152][546,153][545,153][544,154][543,155][542,155][541,156][540,156][539,157][538,158][537,158][537,159][536,160][535,160][535,161][534,161][533,161][532,163][529,163][529,164][528,164][528,165][527,165][526,166][525,166][524,166][522,167][521,167][520,167][519,168][518,169][517,169][516,171][515,171][514,171][514,172][512,172][511,172][511,173][510,173][509,173][508,173][508,174][507,174][506,174][505,175][504,175][503,175][502,175][501,175][501,176][500,176][499,176][498,176][497,177][496,177][495,178][493,179][492,179][491,179][491,180][490,180][489,181][488,182][487,182][486,183][485,183][484,183][484,184][483,184][482,185][481,185][480,185][478,185][477,186][476,186][475,187][474,187][473,188][472,188][471,188][470,189][469,190][469,191][468,191][468,192][467,192][466,192][466,193][465,193][464,194][463,194][462,195][462,196][461,196][460,197][459,197][458,197][458,198][457,198][456,198][455,199][454,199][453,200][452,200][451,201][450,201][450,202][449,202][448,202][447,203][446,203][445,203][444,204][443,204][442,204][441,204][441,205][440,206][438,206][438,207][437,207][436,208][435,208][434,209][433,209][432,210][431,211][430,212][429,212][428,213][427,213][426,214][425,215][424,215][424,216][423,216][422,217][420,219][419,219][419,220][418,220][416,221][415,221][414,222][414,223][413,223][412,224][411,225][410,226][409,226][408,226][408,227][407,227][406,227][405,227][404,227][403,229][402,229][401,229][400,229][400,230][398,230][397,231][396,231][395,232][394,232][394,233][393,233][392,234][391,234][391,235][390,236][388,236][388,237][387,237][386,237][385,239][384,240][383,240][382,241][382,242][381,242][380,243][379,243][378,244][377,244][376,244][375,245][374,245][373,246][372,246][371,246][370,247][368,248][365,249][366,247][365,248][365,249][365,250][365,251][364,252][363,253][363,254][363,255][362,256][362,257][361,257][361,258][360,258][359,258][358,258][356,258][355,259][354,259][353,259][352,259][351,259][350,260][349,260][348,260][346,261][345,261][345,262][344,263][343,264][342,265][341,265][340,266][339,267][338,267][338,268][337,268][336,268][335,268][334,269][333,269][332,270][331,270][331,271][330,271][329,271][328,272][327,272][326,273][326,274][325,274][324,274][323,275][322,275][321,275][320,276][319,276][317,277][316,277][315,277][314,278][313,278][312,278][311,279][310,279][308,280][307,280][306,281][305,281][304,281][303,282][302,283][301,284][300,284][299,285][298,285][297,286][296,287][295,287][294,287][293,288][292,288][292,289][291,289][290,290][289,291][288,291][287,291][286,292][285,292][284,293][283,293][282,294][281,294][281,295][280,295][279,296][278,296][277,296][276,296][275,296][275,297][274,298][273,298][272,298][271,298][270,299][269,299][268,299][267,299][267,300][265,301][264,301][264,302][263,302][262,303][261,304][260,304][260,305][259,305][258,306][257,306][257,307][256,308][255,308][255,309][254,309][253,309][252,310][251,311][250,312][249,313][247,314][246,314][245,315][244,315][243,315][242,315][241,315][240,316][239,317][238,317][238,318][237,318][237,319][236,319][235,320][235,321][158,363][157,363][156,363][155,363][154,363][153,363][152,363][152,364][151,364][151,365][150,365][148,366][148,367][147,367][146,368][145,369][145,370][144,370][144,371][143,371][142,372][141,373][140,373][137,374][136,374][135,374][134,374][133,374][132,375][130,376][129,376][128,376][127,376][126,377][125,377][124,377][124,378][123,379][123,380][122,380][121,380][121,381][120,382][119,383][118,383][117,384][116,384][116,385][115,385][114,386][113,386][113,387][112,387][111,387][110,387][109,387][108,388][107,388][106,388][106,389][105,390][104,390][103,390][102,391][101,391][100,392][99,393][98,393][97,393][96,394][95,394][95,395][94,395][94,396][92,397][91,397][90,398][89,398][88,399][87,400][86,400][85,400][84,401][83,401][82,401][81,401]
pt
[47,421][47,422][45,423][44,423][43,424][42,424][40,425][39,425][39,426][38,426][38,427][37,427][37,428][36,429][35,429][34,430][33,430][33,432][32,432][31,432][30,432][29,432][28,432][28,433][27,433][26,433][25,433][24,433][23,434][22,434][20,435][19,435][19,436][18,436][18,437][17,437][16,437][15,437][15,438][14,438][13,438][12,438][11,439][10,439][9,439][8,439][7,440][6,440][5,440][4,442][3,442][2,442][1,443][0,443][0,444]
