16
pt
[85,478][85,477][85,476][86,476][86,475][86,474][87,473][88,472][88,471][89,471][89,470][90,470][90,469][90,468][91,467][91,466][92,465][92,464][92,463][92,462][92,461][92,460][92,459][92,458][92,457][92,456][92,455][92,454][92,453][92,452][92,451][92,450][92,449][92,448][92,447][92,446][92,445][92,444][91,444][91,443][91,442][91,441][91,440][90,439][90,438][88,438][88,437][88,436][87,434][86,433][85,432][84,432][83,432][82,432][81,432][80,432][78,432][77,432][76,432][75,432][74,432][73,432][72,432][71,432][70,432][68,432][67,432][67,433][66,434][65,434][65,435][64,435][63,436][62,436][61,437][61,438][60,438][58,439][57,439][57,440][56,440][56,441][55,441][54,441][53,442][52,444][51,444][50,444][48,444][48,445][47,445][47,446][46,446][45,446][44,447][43,448][42,448][41,448][40,448][39,449][39,451][40,452][41,453][42,454][42,455][42,456][42,457][42,458][42,459][42,460][42,461][43,461][43,463][43,464][43,465][43,466][43,467][42,467][42,468][41,469][41,470][41,471][41,472][41,473][41,474][42,475][42,476][42,477][42,478][42,479][41,479][39,479][38,479][37,479][36,479][35,479][34,479]
pt
[37,442][37,443][36,443][35,442][34,442][34,441][32,440][32,439][31,439][31,438][30,437][30,436][29,436][28,435][27,434][26,434][25,434][24,434][23,434][22,434][21,433][20,433][18,433][17,433][16,433][15,433][14,433][13,433][12,433][12,434][11,435][11,436][11,437][11,438][11,439][11,440][10,440][10,441][10,442][10,443][10,444][10,445][10,446][10,447][10,448][11,450][12,450][12,451][13,452][13,453][14,453][14,454][15,454][16,455][17,456][17,457][18,457][19,458][19,459][20,460][20,461][20,462][20,463][21,464][23,464][24,464][25,464][26,464][27,464][28,464][29,464][30,464][31,464][32,464][33,464][34,464][35,464][35,463][35,462][36,462][38,460][39,459][40,457][40,456][40,455][40,454][40,453][40,452][40,451][40,450][39,449][38,448][38,447][37,446][37,445][37,444][37,443]
pt
[13,448][13,446][13,445][14,444][15,444][15,443][16,442][17,441][18,441][19,440][19,439][20,439][21,439][22,439][23,439][24,439][25,439][26,440][27,440][28,440][29,441][30,442][30,443][31,444][32,445][33,446][34,447][34,448][33,448][33,449][32,449][31,449][31,450][30,450][29,451][28,451][27,452][27,453][26,454][25,455][24,455][23,456][21,456][20,456][19,455][18,454][17,453][16,452][15,451][13,450][13,449][12,449][12,448][11,447][11,446]
pt
[101,358][100,358][101,359][102,360][103,360][104,360][105,360][106,360][107,360][108,360][109,360][110,360][110,359][110,358][111,357][111,355][112,354][112,353][111,353][110,352][110,351][110,350][110,349][109,349][108,349][107,349][106,349][105,349][104,349][103,349][102,349][101,349][100,349][100,350][99,350][99,351][98,352][98,353][97,353][97,354][96,355][96,356][96,357][97,357][98,358][99,358][100,358][101,358][101,357][102,357]
pt
[90,375][90,376][90,377][90,378][90,379][90,380][90,381][90,382][90,383][90,384][91,384][91,385][92,385][93,385][94,385][95,385][97,385][98,385][99,385][100,384][101,384][103,383][103,382][103,381][103,380][103,379][103,378][103,377][103,376][103,375][103,374][103,372][103,371][103,370][103,369][102,369][101,369][100,369][99,369][98,369][97,369][96,369][95,369][94,369][93,369][92,370][91,370][91,371][90,372][90,373][90,374][90,375][90,376][90,377]
pt
[93,406][93,405][94,405][94,406][94,407][94,408][94,409][94,410][95,411][96,413][97,414][98,415][99,416][100,416][101,416][101,415][102,415][103,414][104,413][104,412][105,412][105,411][107,411][107,410][107,409][107,408][107,407][107,406][106,406][105,405][104,405][103,405][102,405][101,405][100,405][99,405][98,405][97,405][96,405][94,405]
pt
[636,326][635,328][635,329][635,330][634,330][634,331][633,332][632,333][632,334][631,334][631,335][630,335][629,336][628,336][627,336][626,336][625,338][624,338][623,338][621,339][620,340][619,340][618,341][617,341][616,342][615,342][614,343][613,344][612,344][612,345][610,346][609,346][608,347][608,348][607,348][607,349][606,349][605,349][604,350][602,350][602,351][601,352][600,352][599,353][598,353][598,354][596,355][595,355][595,356][594,356][594,357][593,358][592,359][591,360][590,360][589,361][588,362][587,363][586,363][586,364][585,364][584,364][583,365][582,366][580,366][579,366][578,366][577,366][576,368][575,368][574,368][573,369][572,369][571,369][570,369][570,370][569,370][568,370][567,371][566,372][564,372][563,373][562,373][560,374][560,375][559,375][558,375][557,376][556,376][555,378][554,378][553,379][552,379][551,380][549,381][547,381][546,381][545,382][544,383][543,383][542,383][541,384][540,384][539,384][538,384][537,384][536,385][536,386][535,386][534,386][533,387][532,388][531,389][530,389][529,389][529,390][528,390][527,390][527,391][526,391][525,392][523,393][522,394][521,395][520,396][518,396][517,397][516,399][515,399][514,400][513,400][512,401][511,401][510,401][509,402][508,402][506,403][505,403][504,403][504,404][503,404][501,405][500,405][500,406][498,406][495,407][494,407][494,408][493,409][492,409][491,409][490,409][490,410][489,410][488,410][487,411][486,412][485,412][484,412][483,413][482,413][482,414][481,415][480,415][480,416][479,416][478,417][478,418][477,419][477,420][476,420][476,421][475,422][474,423][473,423][473,424][472,424][471,425][469,426][468,426][466,427][465,427][464,427][463,427][462,428][461,429][460,429][459,429][457,429][456,429][455,429][454,430][453,430][452,430][451,430][450,430][449,430][448,430][448,431][447,432][446,432][446,433][445,433][445,434][445,435][445,436][444,436][443,438][443,439][443,440][443,441][442,441][442,442][441,442][441,443][440,443][439,444][438,444][438,445][437,445][436,445][435,445][434,445][433,445][433,446][431,446][430,446][428,446][427,446][426,446][425,446][424,446][424,447][423,448][423,449][421,449][420,450][418,451][417,452][416,452][415,452][414,452][413,453][412,453][411,453][411,454][410,455][408,455][407,455][406,456][405,456][404,456][404,457][403,457][402,458][401,459][400,459][399,459][398,460][397,461][396,461][395,462][393,463][392,463][391,464][390,464][389,465][387,465][387,466][386,466][385,467][384,467][383,467][383,468][382,468][382,469][381,470][380,470][379,470][378,471][377,471][376,471][376,472][375,472][375,473][374,474][373,474][373,475][372,475][372,476][371,476][371,477][370,478][369,479][368,479]
pt
[639,313][638,313][637,313][636,314][634,314][633,315][632,316][631,316][631,317][630,317][630,318][629,319][628,319][627,320][626,320][625,321][624,321][623,321][622,323][620,324][620,325][619,325][617,326][616,327][615,327][613,327][612,328][611,328][610,329][609,329][609,330][608,330][607,330][606,331][605,331][605,332][603,332][603,333][602,334][601,335][600,335][599,335][599,336][598,337][597,337][596,337][595,338][593,338][593,339][592,339][591,340][590,341][589,341][588,341][587,341][586,342][586,343][585,343][585,344][583,344][583,345][582,345][581,346][579,347][578,348][577,349][575,349][575,350][573,350][572,351][571,351][570,352][568,353][568,354][567,354][567,355][566,355][566,356][565,357][564,357][563,358][562,359][561,359][560,359][559,360][558,361][557,361][556,361][554,363][553,363][552,363][552,364][551,364][550,364][549,365][548,365][548,366][546,367][545,368][544,368][543,368][542,369][541,369][540,369][539,370][538,370][538,371][537,371][536,371][536,372][535,372][534,372][533,373][533,374][532,374][531,374][530,375][529,375][528,376][528,377][526,377][526,378][525,378][524,378][523,379][522,379][522,380][521,381][520,381][519,382][519,383][518,384][517,384][516,385][515,386][514,386][514,387][513,387][512,388][511,389][509,389][509,390][508,390][507,391][506,391][505,391][504,391][503,391][502,392][501,392][500,392][499,393][498,393][497,393][496,394][494,395][493,395][492,395][491,396][490,396][490,397][489,397][488,398][487,398][486,399][484,400][483,401][483,402][482,404][481,404][481,405][480,406][479,407][478,408][477,408][477,409][476,409][475,409][474,409][473,410][472,411][471,411][470,411][469,412][468,412][467,412][466,413][464,413][464,414][463,414][462,415][461,415][460,415][460,416][459,416][458,416][457,416][456,416][456,417][455,417][454,417][453,417][452,418][451,419][450,419][449,419][449,420][448,420][447,421][446,422][445,422][444,423][444,424][443,425][442,425][442,426][441,426][441,427][440,427][440,428][439,429][438,429][438,430][437,430][437,431][436,432][435,433][434,433][433,433][432,434][431,434][430,434][428,434][427,434][426,434][425,434][424,434][423,434][422,434][421,435][419,436][418,436][418,437][417,437][416,437][415,437][415,438][414,439][413,439][413,440][411,440][410,442][409,442][408,442][407,443][406,443][405,443][405,444][404,445][403,445][402,445][402,446][401,446][399,446][398,447][397,447][396,447][395,447][394,448][393,449][392,449][392,450][391,450][391,452][390,452][390,453][389,453][389,454][389,455][388,456][388,457][387,457][386,458][385,458][384,458][382,458][381,458][380,458][379,458][378,458][377,458][376,458][375,458][375,459][374,460][373,461][372,462][371,463][370,463][369,463][368,464][367,465][366,465][365,466][364,466][363,467][362,467][361,467][360,467][359,468][357,469][356,469][355,470][354,470][354,471][353,471][352,471][351,472][349,473][349,474][348,474][347,475][346,475][346,476][346,475]
pt
[296,38][296,37][296,36][296,35][296,34][296,33][296,31][296,30][296,29][296,28][296,27][296,26][296,25][296,24][296,23][296,22][296,21][295,20][295,19][294,18][294,17][293,16][292,16][292,15][291,15][291,14][290,14][289,16][288,16][287,17][286,17][286,18][285,18][285,19][284,20][284,21][283,22][283,23][283,24][282,25][282,26][282,27][282,28][282,29][282,30][282,31][282,32][282,33][282,34][282,35][282,36][282,37][282,38][282,39][282,40][282,41][282,42][282,43][282,44][282,45][283,45][283,46][284,47][284,48][285,48][285,49][286,49][287,49][288,49][289,49][290,49][291,49][292,49][292,48][293,48][293,47][293,46][293,45][293,44][293,43][293,42][293,41][293,39][293,38][293,37][294,36][294,35][294,34][294,33]
pt
[143,68][143,67][143,66][141,66][140,65][139,64][138,64][138,63][137,63][136,62][135,62][134,61][134,60][133,60][132,60][131,60][130,59][129,58][127,57][126,56][124,55][122,53][121,53][120,53][119,53][118,52][117,51][116,50][115,50][114,50][113,49][112,48][111,47][110,47][109,47][108,47][108,46][107,46][105,45][104,45][104,44][103,44][102,44][101,43][100,43][99,43][98,43][98,44][98,46][98,47][98,48][98,49][98,50][98,51][98,52][98,54][98,55][98,56][98,57][98,58][98,59][98,60][98,61][98,62][99,63][100,63][101,63][102,63][103,63][104,63][105,63][106,63][107,64][108,64][109,64][110,64][111,65][112,65][113,66][114,66][114,67][115,68][116,68][117,69][118,70][119,70][120,70][120,71][121,71][121,72][122,73][123,73][123,74][124,75][125,76][125,77][126,79][127,79][127,80][128,81][129,81][130,82][130,83][131,86][132,86][132,87][132,88][133,89][133,90][134,90][135,91][135,92][136,93][137,93][137,94][138,94][139,95][140,96][141,96][142,97][143,97][144,97][145,97][146,97][146,98][148,98][149,98][149,99][150,99][151,99][153,99][154,99][155,99][156,99][157,99][158,98][159,98][160,97][161,97][161,96][161,95][161,94][161,93][161,92][161,91][161,89][161,88][160,87][159,87][158,85][158,84][157,84][157,83][156,83][156,82][155,81][154,80][154,79][153,79][152,78][152,77][151,77][151,76][150,76][150,75][150,74][148,73][147,72][147,71][146,71][145,70][145,69][144,68][144,67][144,66][143,66][143,65][142,65][142,64][141,63]
pt
[385,72][386,72][388,72][389,72][390,72][391,72][392,72][393,72][394,72][395,72][396,72][397,72][398,72][399,72][400,72][401,72][402,71][402,70][403,70][403,69][403,68][404,67][405,66][405,65][406,64][406,63][407,62][407,61][408,60][408,59][409,58][409,57][410,57][410,56][411,55][411,54][411,53][412,53][413,52][414,52][415,51][416,51][417,51][418,51][419,51][420,51][420,50][421,50][421,49][422,48][422,47][422,46][422,45][423,45][423,44][423,43][424,42][424,41][425,41][425,40][426,39][426,38][427,37][427,36][427,35][427,34][427,33][427,32][427,31][426,30][426,29][425,28][424,27][423,26][423,25][422,25][422,24][421,24][420,23][419,22][418,21][418,20][417,19][416,18][416,17][416,16][415,16][415,15][415,14][413,13][413,12][412,11][412,10][412,8][411,8][410,7][409,6][408,5][408,4][407,4][406,4][405,4][404,4][403,4][402,4][401,4][400,4][399,4][398,4][397,4][396,4][395,4][394,4][393,3][392,3][391,3][390,2][389,2][388,2][387,1][386,1][385,1][384,1]
pt
[383,0][382,0][381,0][380,0][379,2][378,3][377,4][375,4][375,5][374,5][373,6][372,7][371,7][371,8][370,8][369,9][369,10][368,11][368,12][367,13][367,14][365,15][365,16][364,17][364,18][363,19][363,20][362,20][362,21][362,22][361,22][360,23][360,24][359,24][358,25][357,25][357,26][355,27][355,28][354,28][354,29][354,30][354,31][354,32][354,33][354,34][354,35][354,36][354,37][354,38][355,39][355,40][355,41][355,42][356,42][356,43][357,43][357,44][358,45][359,45][359,46][360,46][360,47][361,47][361,48][362,49][363,50][363,51][363,52][365,53][365,54][366,55][367,56][368,57][369,57][369,58][369,59][370,59][370,60][371,61][371,62][372,63][373,63][373,64][373,65][374,66][374,67][375,68][375,69][375,70][376,71][377,72][377,73][378,73][379,74][380,74][381,75][382,75][383,75][384,75][385,75][386,75][387,75][387,74][388,73][388,72][388,71][388,70]
pt
[224,46][224,45][224,43][224,42][224,41][225,40][225,39][225,38][226,37][226,36][227,35][228,34][228,33][228,31][228,30][228,29][228,28][228,27][228,26][228,25][228,24][228,23][227,23][227,21][226,21][225,20][224,20][223,19][222,18][221,18][220,18][219,18][217,18][216,18][215,18][214,18][213,18][212,18][210,17][209,17][208,17][207,17][206,17][206,16][205,16][204,16][203,16][202,16][201,16][200,16][199,16][197,16][196,16][196,17][195,18][194,19][194,20][194,21][193,21][193,22][193,24][193,25][193,26][193,27][193,28][193,29][193,30][193,31][193,32][193,33][193,34][193,35][192,36][191,36][191,37][191,38][191,39][190,40][189,40][187,41][186,42][185,43][185,44][184,44][183,45][182,45][182,46][181,46][181,47][181,48][181,49][182,49][182,50][183,50][184,50][185,50][187,51][188,51][189,51][190,51][191,51][192,51][193,50][194,49][195,48][196,47][197,47][197,46][197,45][197,44][198,43][198,42][198,40][199,39][199,38][199,37][200,37][200,36][200,35][201,35][201,34][201,33][202,33][203,33][204,32][205,31][206,31][207,30][208,29][209,29][210,29][211,28][212,28][213,28][214,28][215,28][216,28][217,28][218,28][219,28][219,29][220,29][220,30][220,31][220,32][220,33][220,34][220,35][220,36][220,37][220,38][220,39][220,40][221,40][221,41][222,41]
pt
[223,49][223,48][224,48][224,49][224,50][224,51][224,52][224,53][224,54][224,55][224,56][224,57][224,59][224,60][224,61][224,62][224,64][224,65][224,66][224,67][224,68][224,69][223,70][223,71][223,72][222,72][222,73][221,73][220,74][219,75][219,76][218,76][218,77][217,78][216,79][216,80][215,80][215,81][214,82][213,83][212,84][212,85][211,86][210,86][209,87][207,88][207,89][206,89][205,89][204,89][202,90][201,90][199,90][198,90][197,89][196,88][195,88][194,87][193,86][192,85][191,84][189,83][189,82][189,81][190,81][190,80][191,79][191,78][192,78][193,77][194,77][195,77][196,77][197,77][198,77][199,76][200,75][201,75][202,75][202,74][203,74][204,74][205,74][205,73][206,73][207,73][208,73][209,72][209,71][210,71][211,71][212,70][213,69][213,68][214,68][214,67][215,67][216,66][217,65][218,64][219,64][220,64][221,64][222,64]
pt
[382,171][382,170][381,169][380,169][380,168][378,168][377,168][376,167][375,167][374,166][373,166][372,166][371,166][371,165][370,165][368,164][368,163][366,162][365,161][364,159][363,159][363,158][363,157][363,156][364,156][364,155][365,155][366,155][367,154][368,154][368,153][369,153][371,152][372,152][373,151][373,150][373,149][372,149][371,149][370,149][369,149][368,149][367,149][366,149][365,149][364,149][363,149][362,149][362,150][361,150][361,152][361,153][361,154][361,155][361,156][361,157][361,158][360,158][360,159][360,160][360,161][360,162][360,163][360,164][358,166][358,167][357,168][357,169][357,170][357,171][357,172][356,173][356,174][356,175][355,175][355,176][355,177][355,178][355,179][354,180][354,181][354,182][354,183][354,184][354,185][354,186][354,187][354,188][354,189][355,189][355,190][356,190][357,190][358,190][359,190][360,190][361,189][362,188][362,187][363,186][364,186][364,185][365,185][366,185][367,185][368,186][369,186][370,187][370,188][371,189][371,190][371,191][371,192][371,193][371,194][371,195][371,196][371,197][371,198][372,199][373,200][374,202][375,203][377,203][378,203][379,203][380,203][381,203][382,202][383,202][384,201][385,201][386,200][387,199][388,199][389,198][389,197][390,195][390,194][390,192][390,191][390,189][390,188][390,187][390,186][390,185][388,185][388,184][387,184][387,182][386,182][385,181][385,180][384,180][384,179][384,178][384,177][384,176][384,175][384,174][383,173][383,172][382,171][381,171][381,170][380,170][379,169]
pt
[0,41][1,41][2,41][3,41][4,42][5,42][6,43][7,43][8,43][8,44][9,44][9,45][10,45][11,46][12,47][13,47][13,48][13,49][13,50][13,51][13,52][13,53][12,54][11,55][11,56][10,57][9,58][8,59][8,60][8,61][8,62][8,63][8,64][8,65][8,66][9,66][9,67][10,68][12,69][13,70][13,71][13,72][13,73][12,73][11,74][11,75][10,75][9,75][8,75][7,76][7,77][8,77][9,78][10,79][12,79][13,79][14,80][15,80][16,80][17,80][18,80][19,80][20,80][20,79][22,78][22,77][22,76][22,75][23,75][23,76][23,77][23,78][23,79][22,80][22,81][21,84][20,84][19,85][19,86][18,87][17,87][17,88][16,88][16,90][14,91][14,92][14,93][13,94][12,95][12,96][11,97][10,98][10,99][9,100][9,101][8,101][7,103][6,104][5,104][4,104][3,104][2,104][1,103][0,103][0,102]
