16
pt
[218,468][213,451][203,438][197,427][190,419][185,407][177,388][172,382][165,370][160,362][154,351][146,346][147,337][142,326][134,315][131,303][124,290][119,285][117,275][109,266][110,252][102,237][96,231][94,222][99,215][105,210][115,206][120,212][126,213][130,212][134,216][136,220][138,227][142,234][145,243][149,251][153,259][153,270][158,271][162,269][162,285][168,290][178,297][184,311][187,314][180,321][181,326][186,323][188,321][190,319][190,320][190,321][190,322][191,323][193,334][200,338][202,346][213,355][228,379][229,388][240,407][245,403][247,403][247,403][247,404][247,405][247,407][246,407][246,408][246,410][246,411][245,411][245,411][245,412][245,413][260,432][256,437][258,443][262,450][265,447][265,441][269,447][274,453][278,459][282,465][286,477][290,477][291,479]
pt
[218,467][218,467][218,468][218,469][218,470][219,470][219,471][219,471][219,472][219,473][220,473][220,474][220,475][220,475][221,475][221,476][222,476][222,477][222,478][222,479][223,479]
pt
[46,478][52,472][50,463][48,459][50,451][38,441][33,431][31,423][30,423][30,422][30,420][30,419][30,419][30,418][30,417][30,416][30,415][29,415][29,415][20,415][21,407][21,401][15,401][14,395][19,388][14,381][14,371][10,373][12,367][10,363][10,358][2,354][1,353][1,353][1,352]
pt
[30,479][32,476][34,469][41,465][35,458][35,447][27,443][23,435][14,431][15,423][11,419][6,408][1,403][0,394]
pt
[205,479][201,475][206,471][197,467][196,457][194,450][192,440][186,431][178,422][182,414][182,413][181,413][181,412][180,412][180,411][179,411][178,410][178,410][178,409][177,409][176,409][175,409][174,397][175,390][163,385][162,378][162,375][154,366][149,363][151,355][142,352][136,342][135,336][126,316][126,311][118,296][114,289][115,283][117,283]
pt
[106,262][100,253][95,243][95,234][89,230][88,219][85,209][78,210][70,196][67,192][67,184][61,175][54,168][54,167][54,167][54,166][54,165][54,164][53,164][53,163][52,163][52,162][52,161][52,160][52,159][52,159][52,158][52,157][46,140][44,134][34,123][30,117][26,108][19,99][18,91][14,87][11,79][10,68][10,61][10,54][5,50][4,50][4,49][3,49][3,48][2,48][2,47][2,47][2,47][2,46][1,46][1,45][0,45]
pt
[130,212][125,204][124,203][123,203][123,203][123,202][122,202][122,201][122,200][121,200][121,199][121,199][120,199][120,198][118,191][114,184][114,183][114,183][114,182][114,181][114,180][114,179][114,179][114,178][114,177][114,176][114,175][105,168][109,159][100,154][98,148][92,147][92,146][92,145][92,144][92,143][92,143][92,142][92,141][92,140][93,140][93,139][93,139][93,138][93,137][93,136][93,135][93,135][93,134][86,127][72,115][70,100][63,97][62,97][62,96][62,96][62,95][61,95][60,95][60,94][60,93][60,92][60,91][60,91][49,80][43,81][42,81][42,81][41,81][41,80][41,79][40,79][40,78][40,77][40,76][40,75][40,75][40,74][39,73][39,72][38,63][45,60][45,59][45,59][44,59][44,58][43,58][43,57][43,56][42,56][42,55][42,55][37,53][34,46][36,40][31,37][22,32][16,29][16,28][17,28][17,27][18,27][18,26][18,26][18,26][18,26][18,25][18,25][18,24][13,19][12,13][12,5][6,0]
pt
[102,0][104,6][104,7][104,7][104,8][104,9][104,10][107,14][112,12][118,14][118,15][118,15][118,16][118,17][118,18][118,19][118,19][118,19][118,20][118,21][118,22][118,22][117,22][116,22][123,25][123,26][123,27][123,27][123,28][122,29][122,30][122,31][122,31][122,32][122,33][123,33][123,32][130,40][135,43][138,50][138,55][142,62][142,62][143,62][144,62][144,63][145,63][146,63][146,63][147,63][148,63][149,63][149,62][151,68][146,78][154,87][158,87][158,88][158,89][158,90][158,91][158,91][158,92][158,95][158,95][159,95][159,96][160,96][161,97][162,97][162,98][162,98][162,99][162,99][162,100][162,101][163,101][164,101][165,101][166,101][166,101][167,100][168,100][169,100][170,100][170,100][171,100][172,101][173,101][174,102][174,103][174,103][174,103][174,104][174,105][174,106][174,107][175,107][175,107][176,108][184,126][186,136][184,143][185,143][185,143][186,143][186,143][186,144][187,144][187,145][187,146][188,146][188,147][189,147][189,147][198,152][202,159][206,166][209,177][208,190][214,198][214,199][214,199][214,200][214,201][214,202][215,202][215,203][216,203][216,204][217,204][218,204][218,204][219,204][220,204][221,204][221,205][222,205][222,205][223,205][224,205][222,217][222,218][222,219][223,219][223,219][224,219][225,219][226,219][226,219][227,219][228,219][233,225][234,233][238,242][253,243][254,249][257,258][251,260][251,261][251,262][252,262][252,263][253,263][254,263][254,263][255,263][256,263][256,264][257,264][258,264][258,263][258,263][258,263][258,262][259,262][260,262][261,262][262,262][262,262][262,263][263,263][263,263][264,263][265,263][265,264][266,264][266,264][266,265][267,265][268,265][269,265][270,265][270,265][271,265][272,266][274,279][275,279][276,279][276,279][277,279][278,279][278,279][279,279][279,280][280,280][284,283][284,287][283,290][283,291][282,291][282,291][282,292][287,293][288,293][289,293][289,292][289,291][290,291][290,291][290,291][291,291][292,291][293,291][294,291][294,291][295,291][296,291][297,291][297,291][298,291][298,292][298,292][298,293][298,294][298,295][298,295][298,296][298,297][298,297][298,298][298,299][298,299][298,300][298,301][298,302][298,303][299,303][299,303][299,304][299,305][299,306][299,307][299,307][299,308][299,309][299,310][299,311][298,311][298,311][298,312][298,313][298,314][298,314][298,315][298,315][298,316][298,317][297,317][297,318][297,319][297,319][297,320][297,321][297,322][298,322][298,323][298,323][298,323][298,324][298,332][300,345][302,353][306,362][310,375][315,375][316,375][317,375][318,376][318,377][320,378][322,379][323,379][324,379][324,380][325,380][319,389][322,395][324,402][330,399][331,405][330,410][330,416][337,425][337,431][341,440][348,447][353,459][355,471][360,473][363,478][362,478][363,478][363,479]
pt
[433,478][428,471][427,471][426,471][426,471][425,470][424,469][423,468][423,467][419,458][419,457][419,456][418,456][418,455][418,455][418,455][418,454][417,453][417,452][417,451][416,451][416,451][416,450][415,450][415,449][414,448][414,448][413,447][413,447][412,447][412,446][412,445][412,444][412,443][411,443][411,443][410,443][410,442][409,441][409,440][408,439][407,439][406,439][406,438][406,438][406,437][405,437][404,437][404,436][403,436][402,436][402,436][402,435][401,435][400,435][400,435][399,435][399,434][399,433][398,433][398,432][398,431][398,431][398,430][398,429][398,428][398,427][398,427][398,426][398,425][398,424][398,423][398,423][398,422][398,421][398,421][398,420][390,408][381,396][374,389][364,379][362,366][362,366][361,366][360,366][359,365][358,365][358,364][358,364][357,364][357,363][356,363][355,363][355,362][354,362][354,362][353,362][352,362][351,362][350,362][350,361][349,360][349,359][348,359][348,359][348,358][347,358][347,357][347,356][347,355][348,355][348,355][348,354][348,353][347,353][346,353][346,352][345,352][344,352][343,352][342,352][342,352][341,352][341,353][340,353][339,353][338,352][338,352][338,351][337,351][337,350][337,349][337,348][337,347][337,347][337,346][337,345][338,345][338,344][338,344][338,343][339,343][339,343][339,342][339,341][338,341][338,341][331,324][338,320][329,308][322,307][314,303][314,294][307,295][303,287][302,283][302,277][294,274][295,274][296,274][297,273][298,272][298,271][298,271][298,270][298,269][298,269][297,268][296,268][295,268][295,267][294,267][294,267][294,266][288,262][285,254][286,244][272,242][264,244][258,243][258,242][258,241][258,240][258,239][258,239][258,238][258,237][257,237][257,236][257,235][254,225][258,219][262,219][258,210][258,209][258,208][258,207][258,207][258,207][259,207][259,206][260,206][260,205][261,205][262,204][262,204][263,204][264,204][264,203][265,203][265,203][266,203][266,202][266,202][266,201][267,200][267,199][268,199][269,199][270,199][270,199][271,199][272,199][273,199][274,199][274,199][280,202][280,208][286,215][286,215][287,215][288,215][289,215][290,215][290,215][291,215][292,215][292,216][293,216][294,216][294,217][294,218][294,219][294,219][295,219][295,220][296,220][297,221][298,221][298,221][299,221][300,222][301,222][302,222][302,223][302,223][303,223][303,224][304,224][304,225][305,225][305,226][306,226][306,227][306,227][306,227][306,228][306,229][312,236][316,244][326,248][324,256][325,262][334,266][336,275][336,279][338,283][345,295][349,303][352,312][353,312][354,313][354,313][355,314][356,314][357,314][358,314][358,314][359,314][359,315][359,315][359,316][363,323][371,324][369,334][375,335][376,335][376,335][377,335][378,336][378,337][378,339][379,339][379,340][380,340][381,341][382,341][388,346][390,351][390,357][394,363][401,369][403,375][404,375][405,375][406,375][406,375][406,376][407,376][408,377][410,378][410,378][411,379][411,379][411,380][412,380][412,381][412,382][413,382][413,383][413,383][414,383][414,384][414,385][414,386][414,387][415,387][415,388][415,389][415,390][415,391][415,391][415,392][416,392][416,393][416,394][416,395][423,407][420,412][426,411][431,416][434,423][439,428][445,439][447,443][448,443][448,444][449,444][449,445][450,446][450,447][450,447][451,447][451,448][451,449][451,450][452,450][452,451][452,451][452,452][453,453][453,454][453,455][453,455][453,456][453,457][453,458][454,459][454,459][454,460][454,460][454,461][454,462][462,464][463,470][461,472][462,477][462,477][461,478][460,478][458,479][458,479]
cr
[242,204][251,198][248,192][247,192][247,191][247,191][246,191][246,190][246,190][245,190][245,189][244,189][243,189][242,189][242,188][242,188][241,188][241,187][240,187][240,187][240,186][239,186][239,185][239,184][239,183][238,183][238,183][238,183][237,182][236,182][234,181][234,181][233,181][232,181][231,181][230,182][230,183][230,183][230,184][230,185][230,186][230,187][230,187][230,187][231,188][232,188][233,189][234,189][234,190][235,190][236,191][237,191][237,191][238,191][238,192][238,193][238,194][238,195][238,195][238,196][238,197][238,198][238,198][238,199][239,199][239,199][239,200]
pt
[239,-1][242,5][247,10][251,17][251,18][252,19][253,21][254,22][254,23][254,24][255,24][255,25][256,26][257,26][258,26][258,26][259,26][260,26][260,25][261,25][261,24][262,24][262,24][263,24][264,24][265,24][265,25][265,26][265,27][264,27][264,27][263,28][262,29][262,30][262,31][262,31][262,32][262,33][262,34][262,35][262,35][262,36][262,37][263,37][263,38][264,38][264,39][265,39][266,39][266,39][266,40][267,40][268,40][268,41][269,41][269,42][269,43][269,43][269,44][269,45][269,46][269,47][269,47][270,47][270,47][270,48][271,48][271,49][272,49][272,50][273,50][273,51][273,51][274,52][274,53][274,54][274,54][274,55][274,55][275,55][275,56][276,57][276,58][277,58][278,58][278,59][278,59][280,67][284,76][290,74][290,87][291,87][292,87][293,87][294,87][294,87][295,87][296,87][297,94][302,96][299,104][306,107][310,111][316,111][313,127][313,127][313,128][313,129][314,130][314,131][314,131][314,131][314,132][315,132][315,133][316,133][316,134][317,134][318,135][318,135][324,136][329,142][336,147][338,156][345,162][350,169][350,179][356,189][365,188][364,197][368,206][374,208][377,214][378,214][378,214][379,214][380,215][381,215][382,216][383,217][384,217][384,218][385,218][386,219][386,219][386,219][387,220][387,221][388,222][388,223][389,223][390,223][390,223][390,222][400,228][407,231][408,221][414,225][415,229][414,236][413,236][413,237][412,237][412,238][411,239][410,239][410,239][409,240][402,243][402,243][401,244][401,245][400,246][399,246][399,247][398,247][394,252][394,253][394,254][394,255][394,255][395,256][395,257][396,257][396,258][397,258][398,258][398,259][398,259][405,263][406,263][406,263][406,262][407,262][407,261][408,260][408,259][409,259][410,264][410,270][412,274][412,274][419,278][424,282][430,282][430,282][431,282][432,282][433,282][434,282][434,283][434,283][434,286][436,288][437,296][428,295][427,295][426,296][425,298][423,299][422,299][422,300][421,300][421,301][421,302][421,303][421,303][422,303][422,304][423,304][424,304][425,304][426,304][426,304][427,304][427,305][434,308][448,312][449,319][445,323][448,333][454,339][457,333][461,327][465,330][465,331][466,331][466,331][466,332][466,333][467,333][468,334][466,339][459,351][462,359][464,364][473,378][474,383][478,392][482,386][484,394][482,402][490,405][492,411][499,415][491,425][496,434][502,432][503,437][502,445][503,445][504,445][505,445][506,445][506,445][507,445][512,449][512,450][513,450][513,451][514,451][514,452][514,453][515,454][516,454][522,451][525,451][525,457][525,458][524,458][524,459][523,459][523,459][522,459][522,460][519,463][518,463][518,463][518,464][518,465][518,466][518,467][519,467][520,467][521,467][522,467][522,467][518,467][519,467][520,467][521,467][522,467][522,467][523,467][524,467][524,468][524,469][524,470][524,471][524,471][524,472][524,473][524,474][525,474][525,475][526,475][526,475][526,475][527,475][528,475][529,475][530,475][530,476][530,476][530,477][530,478][531,478][531,479]
pt
[639,75][633,73][629,71][626,68][626,67][626,67][626,66][626,65][626,64][626,59][626,59][625,59][624,59][624,58][623,58][622,58][622,57][622,57][622,47][621,47][620,47][619,46][618,46][618,46][613,46][612,45][612,44][612,43][611,43][610,43][610,42][603,34][600,30][600,29][599,28][598,28][598,27][598,27][598,26][597,26][597,25][596,25][596,24][595,24][595,23][594,23][594,23][594,23][600,16][600,15][599,15][598,15][598,14][597,14][596,14][596,13][595,13][594,13][594,13][594,12][593,12][589,7][579,0][579,-1]
pt
[542,1][550,6][548,11][549,11][550,11][550,11][551,11][552,11][553,11][554,11][554,11][554,10][555,10][556,10][556,11][556,11][556,12][556,13][556,14][556,15][555,15][555,15][555,16][554,16][554,16][553,16][552,16][552,17][551,17][551,18][551,19][551,19][551,20][552,20][552,21][553,21][554,21][554,21][555,21][556,21][557,21][558,22][558,22][559,23][559,23][560,23][560,24][560,25][561,25][561,25][561,25][561,25][561,26][562,26][561,32][562,35][562,35][563,35][564,35][565,35][566,35][566,40][570,39][578,48][578,49][578,50][578,51][578,51][578,52][578,53][578,54][578,55][578,55][579,55][580,55][581,56][582,56][582,57][583,57][584,57][584,58][585,58][585,59][586,59][586,60][586,60][586,61][587,61][587,62][587,63][587,63][587,64][587,65][586,65][586,66][586,66][585,66][585,67][585,67][585,68][586,68][586,69][583,77][583,82][596,82][597,82][598,83][598,83][600,83][601,84][602,84][602,85][603,85][614,103][615,112][619,115][620,119][623,125][628,125][633,131][630,136][637,139][638,139][638,139][639,139]
pt
[582,476][581,473][580,473][579,472][578,472][578,472][577,471][576,471][575,471][575,471][574,471][574,470][574,469][574,468][574,467][575,467][575,467][576,466][576,465][576,464][576,463][576,463][575,462][575,461][574,460][574,459][574,459][574,459][573,459][572,458][571,457][571,456][570,455][570,455][570,455][570,454][569,454][569,453][569,452][568,451][568,451][568,450][568,449][567,448][567,447][567,447][566,446][566,445][566,445][566,444][565,444][565,443][564,443][563,443][562,443][562,442][562,442][561,442][561,441][560,441][560,440][560,439][560,439][561,439][562,439][562,438][562,438][562,437][562,436][562,435][562,435][562,434][562,434][561,434][560,434][560,433][559,433][559,432][558,432][558,432][558,431][557,431][557,431][556,431][556,430][556,429][556,428][556,427][556,427][556,426][556,425][556,424][556,423][555,423][555,423][555,422][555,421][555,420][555,419][555,419][556,419][556,418][557,418][557,417][558,417][558,416][558,415][558,415][558,414][558,413][558,412][558,411][558,411][558,410][558,409][558,408][558,407][558,407][557,407][557,406][556,405][555,405][555,404][554,404][554,404][554,403][553,403][552,403][551,403][550,403][550,403][550,403][549,403][549,402][548,402][548,401][547,401][547,400][546,400][546,400][546,399][545,399][544,399][543,399][542,399][542,399][541,399][540,399][539,399][538,399][538,399][537,399][537,399][536,399][535,399][534,399][534,398][534,397][534,396][534,395][534,395][534,394][534,393][534,392][534,391][534,391][535,391][535,390][535,389][536,389][536,388][536,387][536,387][536,386][535,386][535,385][534,385][534,384][534,383][534,383][533,383][533,382][533,381][532,380][532,379][531,379][530,379][530,379][530,379][529,379][529,378][528,378][528,377][527,377][526,377][526,376][526,376][526,375][526,375][526,374][526,373][525,373][525,372][524,372][524,371][523,371][522,371][522,371][522,370][521,370][520,370][519,370][519,369][518,369][518,369][518,368][517,368][516,368][515,368][515,367][515,367][515,366][514,366][514,365][514,364][514,363][514,363][514,362][514,361][514,360][514,359][514,359][514,358][514,357][514,356][514,356][515,356][516,355][517,355][517,355][517,354][517,353][517,352][517,351][517,351][517,350][517,349][516,348][516,347][515,347][514,347][514,347][514,346][513,346][512,346][511,346][510,346][510,346][509,346][509,345][508,345][508,344][507,344][507,343][507,343][507,342][508,342][508,341][509,341][510,340][510,340][510,339][511,339][511,339][512,339][512,338][512,337][512,336][512,335][512,335][512,334][512,333][512,332][512,331][512,331][512,330][512,329][511,329][511,328][510,328][510,327][510,327][509,327][509,327][508,327][507,327][507,326][506,326][506,325][506,324][506,324][506,323][506,323][505,323][505,322][504,322][504,321][503,321][502,321][502,320][502,320][501,319][500,319][499,319][499,319][498,319][498,319][498,318][497,318][497,317][496,316][496,315][496,315][496,314][496,313][496,312][495,311][495,311][495,310][495,309][494,309][494,308][494,308][493,307][492,307][491,307][490,307][490,307][490,307][489,307][489,306][488,306][487,306][487,305][486,305][486,304][486,303][486,303][485,302][485,301][485,300][485,299][485,299][485,298][485,297][485,296][485,295][485,295][486,295][486,294][486,293][486,292][486,291][486,291][486,290][486,289][486,288][486,287][486,287][486,286][485,286][485,285][485,284][484,284][483,284][483,283][482,283][482,283][481,283][480,283][479,283][478,283][478,283][477,283][476,283][476,282][475,282][474,282][474,281][474,281][473,281][473,282][472,283][472,283][472,284][471,284][471,285][470,285][470,285][469,285][468,285][467,285][466,285][466,285][465,285][464,285][464,284][464,283][464,283][465,283][465,282][465,281][465,280][465,279][465,279][464,279][463,279][462,279][462,279][462,278][461,278][460,277][460,276][459,276][459,275][459,275][459,274][459,273][460,272][461,272][461,271][462,271][462,271][462,270][461,270][460,269][459,269][458,269][458,269][457,269][457,268][457,267][456,267][456,266][457,266][458,266][458,266][459,266][460,266][461,266][461,265][461,264][462,264][462,263][462,263][462,263][462,262][463,262][463,261][464,261][464,260][465,260][466,260][466,259][466,259][466,259][466,258][466,257][466,256][466,255][466,255][466,254][466,253][466,252][466,251][466,251][466,250][466,249][466,248][466,247][466,247][466,246][466,245][465,244][464,243][464,243][463,243][463,242][462,242][462,241][462,241][461,241][460,241][459,241][458,241][458,242][458,243][458,243][457,243][457,244][456,244][455,245][454,245][454,245][453,245][452,245][451,244][451,243][451,243][451,242][451,241][451,240][451,239][451,239][451,238][452,238][452,237][452,236][453,236][453,235][454,235][454,234][454,233][454,232][454,231][454,231][454,231][454,230][454,229][453,229][452,228][452,227][451,227][451,226][451,225][451,224][451,223][451,223][451,222][451,221][450,221][450,220][450,219][450,219][450,219][449,219][448,219][447,219][446,219][446,219][445,218][444,218][444,217][443,217][442,217][442,216][442,216][442,215][442,215][442,214][442,213][442,212][442,211][442,211][442,210][442,209][441,209][440,208][440,207][440,207][440,206][440,205][439,205][439,204][439,203][438,203][438,203][438,202][437,202][436,202][435,201][434,201][434,200][433,200][432,200][432,199][431,199][430,199][430,198][430,197][430,196][430,195][430,195][430,194][430,193][430,192][430,191][429,191][429,191][428,190][427,190][426,189][426,188][426,187][426,187][426,186][426,185][427,185][427,184][428,183][428,183][428,182][428,181][428,180][427,180][426,180][426,179][425,179][424,179][423,179][422,179][422,179][421,178][421,177][420,176][420,175][420,175][420,174][420,173][419,173][419,172][418,172][418,172][417,172][417,171][416,171][415,171][414,171][414,171][413,171][412,171][411,171][410,171][410,171][409,171][408,171][407,171][406,171][406,171][405,171][405,170][404,170][404,169][404,168][404,167][404,167][405,167][406,166][406,166][407,166][408,166][409,166][410,166][410,166][410,165][410,164][410,164][409,164][408,164][407,164][407,163][406,163][406,163][406,163][405,163][404,163][404,162][403,162][403,161][403,160][402,160][402,160][401,160][400,160][399,160][398,160][398,160][397,160][396,160][395,160][395,161][395,162][395,163][394,163][394,163][393,163][392,163][392,162][391,162][391,161][391,160][391,159][391,159][391,159][390,159][390,159][389,158][389,157][389,156][389,155][389,155][389,154][388,153][388,152][387,152][386,152][386,151][386,151][385,151][385,151][384,151][383,151][382,151][382,150][382,149][382,149][382,148][381,148][381,147][381,147][381,146][381,145][381,144][381,143][381,143][381,142][381,141][382,140][382,139][381,139][381,139][381,138][381,137][380,137][379,137][378,137][378,137][377,137][377,136][376,136][375,136][375,135][375,135][374,135][374,134][374,134][374,133][373,133][372,133][372,132][371,132][370,132][370,132][370,131][370,131][370,130][370,129][370,128][371,127][372,127][372,127][373,127][373,126][374,126][374,125][374,124][375,124][375,123][375,123][376,123][376,122][377,122][378,122][378,121][378,120][378,119][378,119][378,118][378,117][378,116][377,116][376,115][375,115][374,115][374,115][373,115][372,115][372,116][371,116][370,116][370,117][369,117][369,118][368,118][368,119][367,119][366,119][366,119][365,119][364,119][363,119][363,119][362,119][362,119][361,119][361,118][360,118][360,117][360,116][360,115][360,115][360,114][360,113][360,112][359,112][359,111][358,111][358,111][358,111][357,111][357,110][356,110][356,109][356,108][356,107][356,107][356,106][356,105][356,104][355,103][355,103][355,102][355,101][355,100][355,99][355,99][355,98][354,98][354,98][354,97][353,97][352,97][351,97][350,97][350,97][349,98][348,98][348,99][347,99][347,99][346,99][346,100][346,100][345,100][345,101][344,101][343,101][342,101][342,101][341,101][341,100][341,99][341,99][341,98][341,97][341,96][341,95][341,95][341,94][341,93][340,93][340,92][339,92][339,91][338,91][338,91][338,90][338,89][338,88][338,87][338,87][338,86][338,85][338,85][338,84][337,84][336,84][335,84][335,83][334,83][334,83][334,83][334,82][334,81][333,81][333,80][332,80][332,79][332,79][331,79][331,78][331,77][330,76][330,75][330,75][330,74][330,73][331,73][331,72][332,72][332,71][333,71][334,71][334,71][334,71][334,70][334,70][333,69][332,69][331,69][330,69][330,69][329,69][328,69][327,69][327,68][326,68][326,67][327,67][328,67][329,67][330,67][330,66][329,65][328,65][327,65][326,65][326,65][325,65][325,64][325,63][325,63][325,62][325,61][325,60][325,59][325,59][325,58][325,57][325,56][324,55][323,55][323,55][322,55][322,55][322,54][321,54][320,53][320,52][319,52][318,51][318,51][318,50][318,49][318,48][318,47][318,47][318,46][318,46][318,45][318,44][318,43][317,43][317,43][316,43][315,43][314,43][314,42][314,42][313,42][312,42][311,41][310,41][310,40][310,40][310,39][310,39][310,38][310,37][310,36][310,35][310,35][310,35][310,34][311,34][311,33][312,32][312,31][312,31][312,30][311,30][310,30][310,30][309,29][308,29][307,29][306,29][306,29][305,30][304,30][304,31][304,31][303,31][302,31][302,31][301,31][300,31][300,31][299,31][299,30][298,29][298,28][298,28][298,27][297,27][297,27][296,27][296,26][297,25][298,25][298,24][298,24][298,23][299,23][298,23][298,23][298,22][298,21][298,20][298,19][298,19][298,18][298,17][298,16][298,15][298,15][298,14][298,13][298,12][297,12][296,12][295,12][295,11][295,11][295,10][295,9][295,8][294,8][294,7][294,7][293,7][293,7][292,7][291,7][290,7][290,7][289,7][289,6][289,5][289,4][289,3][289,3][289,2][289,1][289,0][289,-1]
cr
[343,20][344,20][345,20][346,20][346,20][347,20][347,21][347,22][347,23][347,23][347,24][347,25][347,26][348,26][348,27][349,27][350,27][350,28][351,28][352,28][353,28][354,28][354,28][355,28][356,28][357,28][358,29][358,29][359,29][360,29][361,29][361,30][362,30][362,31][362,31][362,31][362,32][362,33][362,34][362,35][362,35][362,36][363,37][364,37][364,38][365,38][365,39][366,39][366,39][366,39][367,39][368,40][368,41][368,42][368,43][369,43][369,44][369,45][369,46][369,47][369,47][368,47][367,47][366,47][366,48][366,48][366,49][366,50][366,51][366,51][366,52][366,53][366,54][366,55][365,55][365,55][365,56][364,56][363,57][363,58][362,58][362,58][362,59][361,59][360,59][359,59][358,59][358,58][358,57][358,56][358,55][358,55][358,54][358,54][357,54][356,54][355,54][354,54][354,54][353,54][352,54][352,53][352,52][352,51][352,51][352,50][352,49][352,48][352,47][353,47][353,47][354,47][354,46][354,46][355,45][356,44][357,44][357,43][357,43][357,42][357,41][356,41][355,40][354,40][354,40][353,40][352,40][351,40][350,40][350,41][350,41][349,41][348,41][347,41][346,41][346,41][345,41][345,42][344,42][343,42][343,43][342,43][342,43][342,43][341,43][340,43][339,43][339,43][339,42][339,41][339,40][339,39][339,39][339,38][339,37][340,37][341,36][342,36][342,35][342,35][343,35][344,35][344,35][344,34][344,33][344,32][344,31][344,31][344,30][344,29][344,28][344,27][344,27][343,27][343,26][342,26][342,25][342,24][342,23][342,23][342,23][342,22]
pt
[638,311][638,311][637,311][636,310][635,309][634,309][634,308][634,307][634,307][634,307][634,306][633,305][633,304][633,303][633,303][633,302][633,301][632,300][632,299][632,299][632,298][631,298][631,297][631,296][631,295][631,295][631,294][631,293][631,292][630,292][630,291][630,291][629,291][628,291][627,291][626,291][626,291][625,291][625,290][624,290][623,290][622,290][622,289][622,289][621,289][621,288][620,288][620,287][620,287][620,286][620,285][620,284][620,283][620,283][620,282][621,282][621,281][622,281][622,280][622,279][622,279][621,279][620,278][619,278][619,277][618,277][618,276][618,276][617,275][616,275][616,275][615,274][614,273][614,272][614,272][614,271][613,271][613,270][612,270][611,269][610,269][610,268][609,267][608,267][608,266][607,266][607,265][607,264][607,263][607,263][607,262][607,261][607,260][607,259][606,259][606,259][606,259][606,258][605,258][604,258][603,258][603,257][602,257][602,256][602,255][602,255][602,254][602,253][602,252][602,251][602,251][602,250][601,250][601,249][601,248][600,248][600,247][600,247][599,247][599,246][598,246][598,245][598,245][598,244][597,244][597,243][596,243][595,243][594,243][594,243][593,243][592,243][591,243][590,243][590,243][589,243][588,243][587,243][587,243][586,243][586,243][585,243][585,242][585,241][585,240][585,239][585,239][585,238][585,237][586,236][586,235][586,235][586,234][586,234][585,234][584,233][583,233][583,232][582,232][582,231][582,231][581,231][580,231][579,231][578,231][578,230][578,230][578,229][577,229][577,228][577,227][576,227][576,226][576,225][576,224][576,223][576,223][576,222][576,221][576,220][576,219][576,219][576,218][575,217][574,217][574,216][574,215][574,215][574,214][574,213][574,212][574,211][574,211][574,210][574,209][574,209][574,208][575,208][575,207][574,207][574,207][573,207][572,207][571,207][570,207][570,207][570,208][569,208][568,208][567,208][566,208][566,207][566,207][566,207][565,207][564,207][564,206][564,205][564,204][564,203][564,203][564,202][564,201][563,200][562,200][562,199][562,199][561,199][561,199][560,199][560,198][559,198][558,198][558,197][558,196][558,195][557,195][557,194][557,193][557,192][557,191][557,191][557,190][557,189][557,188][556,188][555,188][554,188][554,188][553,188][553,187][554,187][554,187][554,187][554,186][554,185][554,185][553,185][552,185][551,185][551,186][550,186][550,187][550,187][550,187][550,188][550,189][550,190][550,191][550,191][550,192][550,193][550,194][550,195][550,195][550,196][550,197][549,198][548,199][547,199][546,199][546,200][546,200][545,200][544,200][543,200][542,200][542,199][542,199][542,198][542,197][542,196][542,195][542,195][542,194][542,193][542,193][542,192][541,192][541,191][540,191][540,191][540,190][540,189][540,188][540,187][541,187][542,186][542,186][543,185][544,185][545,185][545,184][546,184][546,183][546,183][546,183][546,182][546,181][547,181][547,180][547,179][547,179][547,178][547,177][547,176][547,175][547,175][547,174][547,173][548,173][547,173][546,173][546,173][545,173][544,173][543,173][542,173][542,173][541,173][540,173][540,172][539,172][538,172][538,172][537,172][537,171][536,171][536,171][536,170][536,169][536,168][536,167][536,167][536,166][536,165][536,164][537,164][537,163][537,163][538,163][538,163][538,162][539,162][538,162][538,162][537,162][536,162][535,162][534,162][534,162][533,161][532,161][532,160][532,159][531,159][531,159][531,158][530,158][530,157][530,157][529,157][529,156][528,156][527,156][526,156][526,156][525,156][524,156][524,155][523,155][523,155][522,155][522,155][522,154][521,153][521,152][521,151][521,151][521,150][522,150][522,149][522,148][522,148][522,147][523,147][523,146][523,145][523,144][523,143][523,143][522,143][522,142][522,142][521,142][520,142][519,142][518,142][518,142][518,143][517,143][517,143][516,143][516,144][515,144][514,144][514,144][513,144][512,143][511,143][511,143][511,142][511,141][510,140][510,139][510,139][510,138][510,137][510,136][510,135][509,135][509,134][509,133][509,132][509,131][509,131][509,130][509,129][509,128][509,127][508,127][508,127][507,127][506,127][506,127][505,127][504,127][503,127][502,127][502,126][502,126][502,125][501,125][500,125][500,124][499,124][499,123][499,123][499,122][499,121][498,121][498,120][497,120][496,120][495,120][495,119][494,119][494,119][494,119][494,118][493,118][492,118][492,117][491,117][490,117][490,117][489,117][488,117][487,117][486,117][486,116][486,116][486,115][485,115][485,115][485,114][485,113][485,112][485,111][484,111][484,111][484,110][484,109][484,108][483,108][483,107][483,107][483,106][483,105][483,104][483,103][483,103][483,102][483,101][483,100][483,99][483,99][484,99][485,99][485,98][485,97][485,96][485,95][484,95][483,95][482,95][482,94][482,94][482,93][481,93][480,92][480,91][479,91][479,91][478,91][478,91][477,91][477,90][476,90][475,90][475,89][474,89][474,88][474,87][474,87][474,86][474,85][474,84][474,83][475,83][475,83][476,82][476,81][476,80][475,80][474,80][474,80][473,80][472,80][471,80][470,80][470,80][469,80][468,80][467,79][466,79][466,79][465,79][464,79][464,79][463,79][463,78][463,77][463,76][463,75][462,75][462,75][462,75][461,75][460,75][460,75][460,74][459,74][458,74][458,73][458,73][457,72][456,72][456,71][455,71][455,70][455,69][455,68][455,67][455,67][455,66][455,65][454,65][454,64][454,63][454,63][454,63][453,63][453,62][452,61][452,60][451,60][451,59][450,59][450,59][450,59][450,58][449,58][448,57][447,57][447,56][446,56][446,55][445,55][445,55][444,55][443,55][442,55][442,55][442,54][441,54][441,53][441,52][440,51][440,51][440,50][440,49][440,48][441,47][442,47][442,47][442,47][443,47][444,47][444,46][445,46][446,46][446,45][446,45][447,44][448,44][449,43][450,43][450,43][451,43][452,43][453,43][454,43][454,43][454,44][455,44][456,44][457,45][457,46][457,47][457,47][457,48][457,49][457,50][458,51][458,51][458,51][459,51][460,51][461,51][462,51][462,52][463,52][463,53][464,53][464,54][465,54][466,54][466,55][466,55][466,55][467,55][467,56][467,57][467,58][467,59][467,59][468,59][468,60][469,60][470,60][470,60][471,60][471,61][472,61][473,61][473,62][474,62][474,63][474,63][474,63][474,64][475,64][475,65][476,65][476,66][476,67][477,67][477,67][478,67][478,67][479,67][480,67][481,67][482,67][482,67][483,67][483,68][484,68][484,69][485,69][486,69][486,70][486,70][487,70][487,71][488,71][488,71][488,72][488,73][488,74][488,75][489,75][489,76][489,77][489,78][490,78][490,78][490,79][491,79][492,79][493,79][494,79][494,79][494,80][494,81][494,82][494,83][494,83][494,83][494,84][494,85][494,86][493,87][493,87][493,88][493,89][493,90][494,90][494,91][494,91][495,92][495,93][496,93][497,93][498,93][498,93][499,93][500,93][501,93][501,94][502,94][502,95][502,95][502,96][502,97][503,98][503,99][504,99][504,100][505,100][506,100][506,100][507,100][508,100][509,100][509,101][510,102][510,103][510,103][510,104][510,105][510,106][510,107][510,107][510,107][511,107][511,108][511,109][511,110][511,111][511,111][511,112][511,113][511,114][511,115][512,115][512,115][513,115][513,116][514,116][514,117][514,117][515,118][515,119][516,119][517,119][518,119][518,120][518,120][519,120][519,121][520,122][520,123][521,123][521,123][522,123][522,123][523,124][524,124][524,125][525,125][525,126][526,126][526,127][526,127][526,128][526,129][526,130][526,131][526,131][527,132][528,133][529,133][529,134][530,134][530,134][531,135][532,135][533,135][534,135][534,134][534,133][534,133][534,132][534,131][535,131][535,131][535,130][536,129][536,128][536,127][536,127][536,126][536,125][535,125][534,125][534,124][533,124][532,124][531,124][531,123][530,123][530,123][529,122][528,121][528,120][527,119][527,119][527,118][527,117][527,116][527,115][527,115][527,114][526,113][526,112][526,112][526,111][525,111][525,110][524,110][523,109][522,108][522,108][522,107][521,107][520,107][519,107][519,107][518,107][518,106][518,105][518,104][517,104][517,103][516,103][516,103][515,103][515,102][514,102][514,101][514,100][514,99][514,99][514,98][515,98][515,97][516,96][517,95][517,95][517,94][518,94][518,93][518,92][518,92][519,92][520,92][521,92][522,92][522,91][522,91][523,91][524,91][525,91][525,91][526,91][526,90][526,89][527,88][527,87][528,87][528,87][529,86][529,85][530,85][530,84][531,84][531,83][531,83][530,82][530,82][529,82][528,82][527,81][526,81][526,81][525,81][524,81][523,81][522,81][522,81][521,81][520,81][519,81][518,81][518,82][517,82][517,83][517,79][516,79][515,79][514,79][514,79][514,78][514,78][513,78][512,78][512,79][511,79][511,79][511,80][510,80][510,81][510,81][509,81][508,81][507,81][506,81][506,81][505,81][504,81][503,81][502,81][502,81][502,80][501,80][501,79][500,79][500,79][500,78][499,77][499,76][499,75][499,75][499,74][499,73][500,72][500,71][500,71][499,71][498,70][498,69][498,68][498,67][498,67][498,66][498,65][499,65][500,63][501,63][501,63][501,62][502,62][502,61][502,60][502,59][502,59][502,58][501,57][500,57][499,57][498,56][498,56][497,56][496,56][496,57][496,58][496,59][496,59][496,60][495,60][494,60][494,61][494,61][493,61][492,62][491,62][490,62][490,63][490,63][489,63][488,63][488,62][487,62][487,61][486,61][486,60][486,60][486,59][485,59][485,58][485,57][485,56][485,55][485,55][486,55][486,54][487,53][488,53][488,52][489,52][489,51][490,51][490,51][490,50][489,50][488,50][487,50][486,50][486,50][485,50][484,50][484,49][483,49][483,48][483,47][482,47][482,47][482,47][482,46][481,46][481,45][481,44][481,43][481,43][481,42][480,42][479,41][478,41][478,41][477,41][476,41][475,41][474,41][474,41][473,41][472,41][471,41][470,41][470,41][469,41][468,41][468,40][467,40][467,39][466,39][466,39][466,38][466,37][467,37][467,36][468,36][469,36][469,35][470,35][470,35][470,35][470,34][470,33][469,33][468,33][467,33][466,33][466,33][466,32][465,32][464,32][463,32][462,32][462,32][461,32][460,32][459,32][458,32][458,32][457,32][456,32][455,32][455,31][454,31][454,31][453,31][452,31][452,31][451,30][450,30][450,29][450,29][450,28][449,27][449,27][449,26][449,25][449,24][449,23][449,23][449,22][449,21][449,20][449,19][449,19][448,19][448,18][449,17][450,16][450,16][450,15][450,15][450,15][449,15][448,15][447,14][446,14][446,13][446,13][446,12][445,12][445,11][445,11][446,11][446,10][446,10][447,10][447,9][448,8][449,8][449,7][450,7][450,7][450,7][450,6][450,5][450,4][450,3][450,3][450,2][450,1][450,1][450,0][450,-1]
