10
pt
[0,355][0,355][0,354][1,354][1,353][2,353][3,353][4,353][4,352][4,352][5,351][6,351][6,351][7,351][7,350][8,350][8,349][8,349][8,348][8,347][8,347][8,346][8,345][8,344][8,343][8,343][8,342][8,341][8,341][8,340][8,339][8,339][8,338][8,337][8,336][8,335][8,335][8,334][8,333][8,332][7,332][7,331][6,331][5,331][4,331][4,330][3,330][3,329][2,329][2,328][1,327][1,327][0,326][0,325][0,324][0,323][0,323]
pt
[0,240][1,240][2,240][3,240][3,239][4,239][4,239][5,239][6,239][6,239][7,239][7,238][8,238][8,237][8,236][8,236][9,235][10,235][11,235][12,234][12,234][13,234][14,234][15,234][16,234][16,233][16,232][16,232][16,231][16,231][16,230][17,229][17,228][17,227][17,227][17,226][17,224][17,223][17,223][17,222][16,222][16,221][16,221][16,220][15,220][15,219][14,219][13,218][13,217][13,216][14,216][14,215][15,215][16,214][16,213][16,212][16,211][16,211][16,210][16,209][16,208][16,207][17,207][17,206][17,205][17,204][16,204][16,203][16,203][16,203][15,203][15,202][14,202][13,202][12,202][12,202][11,202][10,201][10,200][9,200][9,199][9,199][9,198][9,197][10,196][10,195][10,195][9,194][9,193][9,192][9,191][9,191][9,190][8,187][9,187][9,187][9,186][8,186][8,185][8,185][7,185][6,185][5,184][4,184][4,184][3,184][2,184][1,184][0,184][0,184]
pt
[2,172][3,172][4,171][4,171][4,170][4,169][5,169][5,168][5,167][5,167][6,167][7,167][8,167][8,167][8,167][9,167][10,167][11,167][12,167][12,167][13,167][14,167][15,167][16,167][16,167][17,167][18,167][18,167][19,167][19,166][20,165][20,165][20,164][21,164][22,164][23,164][24,164][24,164][25,164][26,164][26,163][26,163][26,162][26,161][27,160][27,159][28,159][28,158][28,158][28,157][28,156][28,156][27,156][26,155][25,155][24,155][24,155][24,155][23,155][22,155][21,155][20,155][20,155][19,155][18,155][18,154][17,154][16,154][16,153][16,153][15,153][15,152][14,152][14,151][13,151][13,151][12,151][12,150][12,149][12,148][13,148][14,148][14,147][15,147][16,147][16,147][16,146][16,145][16,145][16,144][16,143][15,143][15,142][14,142][14,141][13,141][12,140][12,140][11,140][11,139][10,139][9,139][8,139][8,139][8,140][7,140][7,141][6,141][5,141][5,142][4,142][4,142][4,141][3,140][2,140][1,140][0,140][0,140][0,139]
pt
[1,118][1,118][2,118][2,117][3,117][4,117][4,117][4,118][4,119][4,119][4,119][4,120][4,121][4,122][4,122][5,122][6,122][7,122][8,122][8,122][9,123][9,123][9,124][10,124][11,124][12,124][12,124][13,124][14,124][15,124][16,124][16,123][16,123][16,122][16,121][16,120][17,119][17,119][17,118][18,117][18,116][18,115][19,115][19,115][20,115][20,114][21,114][21,113][22,113][23,113][24,113][24,113][25,113][26,113][27,113][28,113][28,113][28,112][28,111][28,111][28,110][28,109][28,108][28,107][28,107][28,106][28,105][28,104][28,104][28,103][28,103][29,103][30,103][31,103][32,103][32,103][33,103][34,102][35,101][36,100][36,99][36,99][37,98][38,98][38,97][38,96][38,95][38,95][38,94][39,94][39,93][39,92][40,91][40,91][41,91][41,90][42,90][42,89][42,88][41,87][40,87][40,86][39,85][39,84][39,83][38,83][38,83][38,82][38,81][37,80][37,79][37,79][36,78][36,77][36,76][36,75][36,75][36,75][35,75][35,74][34,73][34,72][33,71][33,71][32,71][32,70][32,70][31,70][30,70][29,70][28,70][28,71][27,71][26,72][25,72][24,72][24,72][24,71][24,71][24,70][24,69][24,69][24,68][25,67][26,67][27,66][28,65][28,65][29,64][30,64][31,64][32,64][32,64][33,64][34,64][35,64][36,64][36,64][37,64][37,63][37,63][37,62][38,62][38,61][38,60][39,60][39,59][39,59][39,58][40,57][40,57][40,56][41,56][41,55][42,55][42,55][41,55][41,54][40,53][40,52][40,51][40,51][39,51][39,50][39,49][39,48][38,48][38,47][37,47][36,47][36,47][36,47][35,47][35,46][34,45][33,45][33,44][32,43][32,43][32,43][31,43][30,43][30,42][29,42][28,41][28,40][28,40][28,39][28,39][28,38][27,38][27,37][26,37][26,36][25,36][24,36][24,35][24,35][25,35][25,34][26,34][27,33][28,32][28,31][28,31][28,31][28,30][29,30][29,29][29,28][29,27][29,27][29,26][29,25][29,24][29,23][29,23][29,22][29,21][29,20][29,19][29,19][29,18][29,17][29,16][29,15][29,15][29,14][29,13][29,12][28,12][28,11][28,11][28,11][27,10][26,10][26,9][25,8][25,7][24,7][24,7][24,6][24,5][24,5][23,4][23,3][23,3][22,3][22,2][22,1][21,1][21,0][20,0][20,-1][19,-1]
pt
[111,1][111,2][112,3][112,3][112,4][112,5][112,6][112,6][111,6][111,7][110,7][110,7][109,7][109,8][108,9][108,10][108,11][108,11][108,11][109,11][110,11][110,12][111,12][112,12][112,12][112,13][113,13][114,13][115,13][116,13][116,12][117,12][117,13][117,14][117,15][117,15][117,16][117,17][116,18][116,19][116,19][116,20][117,20][118,20][119,20][120,20][120,20][120,21][120,21][120,22][120,23][119,23][119,23][118,23][118,24][117,24][117,25][117,26][117,27][118,27][119,27][119,27][119,28][119,29][119,30][118,30][118,31][118,31][117,32][117,33][117,34][116,34][116,35][116,35][116,36][116,36][116,37][116,38][116,39][116,39][116,40][116,41][116,42][116,43][116,43][116,44][116,45][116,46][116,47][116,47][116,48][116,48][116,49][116,50][116,51][117,51][118,52][119,54][120,55][120,55][120,55][120,56][121,56][121,57][122,57][122,58][122,59][122,59][123,60][124,60][124,61][124,61][124,62][125,62][126,62][127,62][128,62][128,62][129,62][129,63][130,63][130,63][130,64][130,65][131,65][131,66][131,67][131,67][131,68][132,68][132,69][132,70][133,70][134,71][135,71][136,71][136,72][136,72][136,73][137,73][137,74][138,74][138,75][139,75][140,76][140,77][141,77][142,77][143,77][143,78][144,78][144,78][145,79][146,79][147,79][147,80][148,80][148,81][148,82][149,83][149,83][150,84][150,85][151,85][151,86][152,86][152,86][152,87][153,87][154,87][155,87][156,87][156,87][157,87][158,87][159,87][160,87][160,87][161,87][162,87][163,87][164,87][164,87][165,87][166,87][167,87][168,87][168,86][168,85][168,84][168,83][168,83][168,82][168,81][168,81][167,81][167,80][166,80][165,80][165,79][164,79][164,79][163,79][162,79][161,79][161,78][160,78][160,78][160,77][159,77][159,76][158,76][158,75][158,75][158,74][158,73][158,72][158,71][157,71][157,71][156,71][156,71][156,70][155,70][154,69][153,69][152,69][152,69][151,68][150,68][149,68][148,68][148,67][147,67][146,67][146,67][145,67][145,66][145,65][145,64][145,63][144,63][144,63][144,62][144,62][143,62][143,61][142,61][141,61][141,60][140,60][140,59][140,59][139,59][138,59][137,59][137,58][136,58][136,57][136,57][136,56][136,55][136,55][136,54][136,53][137,53][137,52][138,52][139,52][139,51][139,51][139,50][139,49][139,48][139,47][139,47][140,47][141,47][142,47][143,47][144,47][144,47][144,47][145,47][145,48][146,49][146,50][146,51][147,51][147,51][147,52][147,53][148,54][148,55][148,55][148,55][148,56][149,56][150,56][151,56][152,56][152,56][153,56][153,55][154,55][154,55][155,55][155,54][155,53][155,52][156,52][156,51][156,51][156,51][157,50][157,49][158,49][158,48][158,47][159,47][159,47][159,46][160,45][160,44][160,44][160,43][160,43][160,42][160,41][160,40][160,39][160,39][160,38][160,38][159,37][158,37][158,36][158,35][158,35][158,34][159,34][159,33][160,33][160,33][161,33][162,33][163,33][164,33][164,33][165,33][165,32][165,31][165,31][165,30][165,29][166,28][167,28][168,28][168,28][169,27][170,27][170,27][171,27][171,26][171,25][172,25][172,24][172,23][172,23][173,23][173,22][174,22][175,21][175,20][176,20][176,19][176,19][177,19][178,19][179,19][179,19][179,18][180,18][180,18][181,18][182,18][183,18][183,19][184,19][184,19][186,19][186,20][187,20][187,21][187,22][187,23][186,23][186,23][186,24][186,25][187,26][188,26][188,27][189,27][190,27][191,27][192,27][192,27][193,27][194,27][195,27][196,27][196,27][197,27][198,27][199,27][200,27][200,27][201,27][201,27][201,26][201,25][201,24][201,23][200,23][200,23][200,22][200,21][200,20][200,20][200,19][200,19][199,19][199,18][199,17][199,15][198,15][198,15][198,14][197,14][197,13][197,12][196,12][196,11][196,11][196,10][196,9][196,8][196,7][196,7][196,6][196,5][196,4][197,4][197,3][198,3][198,3][198,2][198,1][198,0][198,-1]
pt
[243,0][244,0][244,0][245,0][246,1][247,1][247,2][248,2][248,2][248,3][249,3][250,3][250,3][250,4][251,5][251,6][252,6][252,7][252,7][252,7][253,7][254,7][254,8][255,8][255,9][256,9][256,10][256,10][257,10][257,11][257,11][258,11][258,12][259,12][259,13][259,14][259,15][258,15][258,15][257,16][257,17][256,17][256,18][256,18][255,18][254,18][253,18][252,18][252,18][251,18][250,17][249,17][249,16][248,16][248,15][248,15][247,15][246,15][245,15][244,15][244,15][244,16][244,16][244,17][244,18][244,19][244,19][243,19][243,20][242,20][242,21][241,22][241,23][240,23][240,24][240,25][240,26][240,27][240,27][239,27][238,27][238,27][237,27][237,28][236,28][236,29][236,30][236,31][237,31][237,32][238,32][238,33][238,34][238,35][238,35][238,36][238,37][238,38][238,39][239,39][240,39][240,40][240,40][240,41][240,42][240,42][240,43][240,43][239,43][239,44][238,44][238,45][238,46][237,46][236,46][236,46][235,46][234,46][233,46][232,46][232,46][232,45][232,44][231,44][231,43][230,43][230,42][229,42][229,41][228,41][228,41][227,41][226,41][225,41][224,41][224,42][224,43][224,43][223,43][223,44][223,45][222,46][222,47][222,47][222,48][222,49][222,50][222,51][222,51][222,52][222,53][223,54][224,55][224,55][225,55][225,56][226,56][227,56][228,56][228,56][229,56][230,56][231,57][232,57][232,58][232,59][232,59][233,59][233,60][234,60][235,59][236,59][236,59][236,59][236,58][237,58][237,57][238,57][238,56][239,56][239,55][239,55][239,54][240,54][240,53][241,53][241,52][242,52][242,51][243,51][244,51][244,52][243,52][243,53][244,53][244,53][245,53][246,53][247,53][248,53][248,52][249,52][249,51][249,51][248,50][248,49][248,48][248,47][248,47][248,46][249,46][249,45][250,45][250,44][251,44][251,43][251,43][251,42][252,42][252,41][252,41][253,40][254,40][255,40][256,40][256,40][257,40][257,41][257,42][257,43][257,43][258,43][259,43][260,43][260,43][261,43][262,43][262,43][263,43][264,42][264,41][265,41][265,40][266,39][267,39][268,39][268,39][268,39][268,38][269,38][269,37][269,36][270,35][271,35][272,35][272,34][272,34][273,34][273,33][274,33][275,33][276,33][276,33][277,32][278,32][278,31][279,31][279,31][280,31][280,30][280,30][280,29][281,29][281,28][281,27][280,27][280,27][280,26][280,25][279,25][278,24][278,23][277,23][277,23][276,23][276,22][276,22][275,22][275,21][274,21][273,20][272,19][272,19][272,18][272,17][272,16][272,15][272,15][272,15][271,15][270,14][269,14][269,13][269,12][270,12][271,12][272,12][272,12][273,12][274,12][275,12][275,11][275,11][276,11][276,10][276,9][276,8][276,7][276,7][276,6][276,5][276,4][276,3][276,3][276,2][276,1][276,0][276,-1][275,-1][274,-1]
cr
[177,84][177,83][177,83][177,82][178,82][178,81][179,81][179,80][180,80][180,80][181,80][182,80][183,81][183,82][184,82][184,83][186,83][187,83][187,84][188,84][188,84][189,84][190,84][191,84][192,83][192,83][192,82][192,81][192,80][192,79][192,79][192,79][191,79][191,78][191,77][191,76][191,75][191,75][191,74][192,74][192,74][192,73][193,73][193,72][194,71][194,71][195,71][195,70][196,70][196,69][196,68][196,67][196,67][196,66][195,66][195,65][195,64][194,64][194,63][193,63][193,63][192,63][192,62][192,61][192,61][191,61][191,60][190,60][190,59][189,59][188,59][188,59][188,60][187,61][187,62][187,63][186,63][186,63][185,63][184,63][184,63][183,63][182,63][181,63][180,63][180,63][180,62][179,62][179,61][178,61][178,60][178,59][177,59][177,59][176,59][176,59][175,58][174,58][173,58][173,57][172,57][172,57][171,57][170,57][170,58][170,59][169,59][169,60][169,61][168,62][168,63][168,63][168,64][168,65][167,65][167,66][166,66][165,67][165,67][165,68][165,69][165,70][166,71][166,71][166,72][166,73][166,74][167,74][167,75][168,75][168,76][169,76][170,77][171,78][172,78][172,79][172,79][172,79][173,79][174,80]
cr
[203,40][204,40][204,40][205,40][206,41][207,41][208,41][208,41][209,41][210,41][211,41][212,41][212,40][212,40][213,40][214,40][214,39][215,39][216,39][216,39][216,38][216,37][217,36][217,35][217,35][217,34][217,33][216,32][216,31][216,31][216,31][215,31][214,31][213,31][212,30][212,30][212,29][211,29][210,28][210,27][209,27][209,27][209,26][209,25][208,24][208,23][208,23][208,23][208,23][208,24][207,24][207,25][207,26][207,27][207,27][207,28][206,28][206,29][206,30][205,31][204,31][204,31][204,32][204,33][203,33]
cr
[216,25][216,25][217,25][218,26][219,26][219,27][220,27][220,27][220,28][220,29][220,30][220,31][220,31][220,32][220,33][220,33][221,33][222,33][223,33][224,33][224,33][225,33][226,33][227,34][228,34][228,33][228,32][229,32][229,31][230,31][230,31][231,30][232,30][232,29][232,29][233,29][233,28][234,28][234,27][234,27][234,26][234,25][234,24][234,23][234,23][234,22][234,21][234,20][234,19][235,19][236,18][236,17][236,16][236,15][237,15][237,15][238,14][238,13][238,12][237,12][236,12][236,12][235,12][234,12][233,12][232,13][232,13][231,14][231,15][230,15][230,15][230,16][230,17][229,17][229,18][229,19][229,19][228,19][228,20][228,21][228,22][228,22][227,22][226,22][225,22][225,21][224,21][224,20][224,19][224,19][224,18][223,17][223,16][222,16][222,15][221,15][221,15][221,14][220,14][220,13][220,12][220,12][219,11][218,11][218,11][217,11][216,11][216,11][215,11][214,11][213,11][213,11][212,11][212,12][212,12][212,13][211,13][211,14][211,15][211,15][212,15][212,16]
pt
[216,1][216,1][215,1][214,1][214,2][214,3][215,3][215,3][215,4][216,4][216,5][216,6][216,7][216,7][216,8][217,8][217,9][218,9][219,10][220,10][220,10][220,11][221,11][222,11][223,11][224,11][224,11][225,11][225,10][226,10][226,9][226,8][226,7][226,7][226,6][227,6][227,5][227,4][227,3][227,3][228,2][228,1][228,0][228,-1]
