18
cr
[100,95][100,95][101,94][102,93][102,92][103,92][104,91][104,91][104,91][105,91][105,90][105,89][106,89][106,88][106,87][106,87][106,86][106,85][106,84][105,84][105,83][104,83][104,83][104,83][104,82][103,82][102,81][101,81][100,80][100,80][100,79][99,79][98,79][97,79][96,79][96,79][95,79][94,79][93,79][92,79][92,79][92,79][92,80][91,80][91,81][90,81][90,82][89,82][89,83][88,83][88,84][88,84][88,85][87,86][87,87][87,87][87,88][87,89][87,90][87,91][87,91][87,92][87,93][88,93][88,94][88,94][89,94][89,95][90,95][91,95][91,95][91,95][91,95]
cr
[115,78][116,78][116,78][117,78][118,78][119,78][120,78][120,78][121,78][121,79][122,79][123,79][124,80][124,80][124,81][125,81][126,81][127,81][128,81][128,81][129,81][130,81][131,81][132,80][132,80][132,79][132,79][133,79][133,78][133,77][134,76][134,75][134,75][135,75][135,74][135,73][135,72][135,71][136,71][136,70][136,69][136,68][136,67][136,67][136,66][136,65][135,64][134,64][133,64][132,64][132,63][131,63][130,63][130,63][129,63][128,63][128,63][128,62][127,62][126,61][125,61][124,60][124,60][123,60][122,60][122,61][121,61][121,62][120,62][120,63][120,63][120,63][119,64][119,65][119,66][119,67][119,67][119,68][119,69][119,70][119,71][119,71][119,72]
cr
[96,71][96,70][96,69][96,68][96,68][96,67][96,67][95,66][95,65][95,64][95,63][94,63][94,63][93,63][92,63][92,63][91,63][91,63][90,63][89,63][89,63][88,63][88,62][88,61][88,60][88,59][87,59][87,59][87,58][87,57][87,56][87,55][87,54][87,53][87,52][88,52][88,51][88,51][88,51][89,51][89,50][90,50][91,50][92,50][92,50][93,50][94,50][95,50][96,50][96,50][97,50][98,50][99,50][100,50][100,50][101,50][101,51][102,51][103,51][103,51][104,52][104,52][104,53][105,53][106,53][107,53][108,53][108,53][108,54][109,55][109,55][110,55][110,56][110,57][111,57][112,58][112,59][113,59][114,59][115,59][115,59][115,60][116,60][116,61][116,62][116,63][116,63][116,64][115,64][115,65][114,65][113,66][112,66][112,66][111,66][110,66][109,66][108,66][108,66][107,66][106,66][106,67][105,67][105,67][104,67][104,68][104,68][104,69][104,70]
cr
[111,52][112,52][112,52][113,52][114,52][115,52][116,52][116,53][116,53][116,54][117,54][118,54][118,55][119,55][120,55][120,55][121,55][123,55][124,55][124,55][124,54][125,54][125,53][125,52][125,51][125,51][125,50][125,49][125,48][125,47][125,47][125,46][126,45][126,44][126,43][127,43][127,43][127,42][127,41][127,40][127,39][127,39][126,39][126,38][125,38][124,38][124,38][124,37][123,37][122,37][121,37][120,37][120,37][119,37][119,36][118,35][111,39][111,39][110,39][110,40][109,40][109,41][109,42][109,43][109,43][109,44][109,45]
cr
[47,35][47,34][46,34][45,34][45,33][44,33][44,32][44,32][44,31][43,31][42,31][41,30][40,30][40,29][40,28][40,27][40,27][40,26][40,25][40,25][40,24][41,24][42,24][42,23][43,23][44,23][44,23][45,23][46,23][47,23][48,23][48,23][49,23][50,23][51,23][52,23][52,23][53,23][54,23][55,24][56,24][56,24][56,25][57,25][57,26][57,27][58,27][58,28][58,29][58,30][58,31][58,31][58,32][58,33][58,34][58,35][58,35][58,36][57,36][56,36][56,36][55,36][54,36]
cr
[77,21][77,20][76,20][76,19][76,19][76,19][75,19][75,18][75,16][75,15][75,15][75,14][75,13][76,12][76,12][76,11][77,11][78,11][79,11][80,11][80,10][80,10][81,10][81,9][82,9][83,9][83,8][84,8][84,7][84,7][85,7][86,7][87,7][88,7][88,7][88,8][89,8][89,9][90,9][90,10][90,11][90,11][90,12][90,13][89,14][89,15][88,15][88,15][88,16][88,17][88,18][88,19][88,19][88,19][88,20][88,21][87,21][87,22][86,22][86,23][86,23][85,23][85,24]
cr
[86,45][87,45][87,44][87,43][87,43][87,42][87,41][87,40][88,40][88,40][89,40][90,39][91,39][92,39][92,39][93,39][94,39][95,39][96,39][96,40][96,40][96,41][96,42][96,43][96,43][95,43][94,43][93,43][92,43][92,43][92,44][91,44][90,44][89,44][88,44][88,45][88,46]
cr
[475,105][475,104][476,104][476,104][477,104][478,104][479,104][480,104][480,104][481,104][482,104][483,104][484,104][484,104][485,104][486,104][487,105][488,105][488,106][489,107][490,107][490,107][491,107][492,107][492,107][493,107][494,107][495,107][496,107][496,107][497,107][498,107][498,107][499,107][500,107][500,107][501,107][501,106][502,106][502,105][502,104][502,103][502,103][503,103][503,102][503,101][504,101][504,100][504,99][504,99][504,98][504,97][503,97][502,96][501,95][500,95][500,95][500,94][499,94][498,93][497,93][496,93][496,93][495,93][494,93][493,93][492,92][492,92][491,92][491,91][490,91][490,91][489,91][488,91][488,90][487,90][486,90][485,90][484,91][484,91][484,91][484,92][483,92][482,92][481,92][480,92][480,92][479,92][478,92][477,92][476,92][476,91][475,91][474,91][474,90][473,90][472,89][472,89][472,88][471,88][471,87][470,87][469,87][469,87][468,87][468,86][467,86][466,86][465,86][465,87][464,87][464,87][464,88][464,88][464,89][464,90][464,91][464,91][464,92][464,93][464,94][464,95][464,95][464,96][464,97][464,98][464,99][465,99][465,100][466,100][467,100][468,100][468,100][468,101]
pt
[2,199][3,199][4,199][4,199][5,199][6,199][7,199][8,199][8,199][9,199][10,199][11,200][12,200][12,200][13,201][14,202][14,203][15,203][15,203][16,203][16,203][16,204][17,204][18,204][18,205][19,205][20,205][20,206][20,206][21,206][22,207][23,207][23,207][24,207][24,208][24,208][24,209][25,209][26,210][27,210][28,210][28,211][28,211][29,211][29,211][30,211][31,212][31,213][32,213][32,214][32,214][33,215][34,215][34,215][35,215][35,216][36,216][36,217][36,217][36,218][37,218][37,219][38,219][39,219][39,220][40,220][40,221][40,221][40,222][41,222][41,223][42,223][42,223][42,224][42,225][42,226][43,226][43,227][43,227][43,228][43,229][43,230][43,231][43,231][43,232][43,233][43,234][43,235][43,235][44,235][44,236][44,237][44,238][44,239][44,239][44,239][45,239][45,240][46,240][46,241][46,242][47,242][47,243][48,243][48,244][48,245][48,246][48,247][47,247][47,248][46,248][45,249][45,250][44,250][44,251][44,251][44,252][43,252][43,253][43,254][44,254][44,255][44,255][44,255][45,255][46,255][46,256][46,257][46,258][46,259][46,259][45,260][45,261][45,262][45,263][46,263][47,263][47,264][48,264][48,264][49,264][50,264][50,265][51,265][51,266][52,266][52,267][53,267][53,268][53,269][54,269][55,270][55,271][56,271][56,271][56,271][56,272][57,273][57,274][57,275][57,275][56,276][55,277][55,278][54,278][54,279][53,279][52,279][52,279][52,280][52,280][51,280][51,281][50,281][49,281][49,282][48,282][48,283][48,283][47,283][47,284][47,285][47,286][47,287][47,287][47,288][47,289][46,290][46,291][45,291][45,291][44,291][44,292][43,292][43,293][43,294][42,294][42,295][42,295][42,296][42,297][42,298][42,299][43,299][43,299][44,299][44,299][45,299][46,299][47,299][48,300][48,300][48,301][49,301][50,301][50,302][51,302][52,302][52,303][52,303][53,303][53,303][53,304][53,305][54,306][54,307][54,307][55,308][55,309][55,310][55,311][55,311][55,312][55,313][55,314][55,315][55,315][55,316][55,317][55,318][55,319][55,319][55,320][54,320][53,320][52,321][52,321][52,322][51,322][51,323][51,323][51,324][51,325][51,326][51,327][51,327][52,327][52,328][52,329][52,330][52,331][52,331][51,331][50,331][49,331][48,331][48,331][48,332][47,332][46,332][45,332][45,333][45,334][45,335][46,335][46,335][46,336][45,336][44,336][44,336][44,335][43,335][42,335][42,336][42,337][42,338][42,339][42,339][41,339][40,339][40,339][39,339][39,340][39,341][39,342][39,343][38,343][38,343][38,344][38,345][37,345][37,346][37,345][37,346][36,346][36,347][36,347][35,347][35,347][34,347][33,347][33,348][32,348][32,348][31,349][30,349][29,349][28,349][28,349][28,348][27,348][26,347][26,347][25,347][24,347][24,346][23,346][22,346][21,346][21,347][20,347][20,347][20,347][20,348][19,349][19,350][19,351][19,351][19,352][19,353][20,353][20,354][20,354][20,355][21,355][21,356][22,356][23,357][23,358][24,358][24,359][24,359][24,360][24,361][24,362][24,363][24,363][24,364][25,364][26,364][27,364][28,364][28,364][29,364][30,364][31,365][32,365][32,366][32,366][33,366][33,367][34,367][35,367][36,367][36,367][37,367][37,367][37,368][37,369][38,369][38,370][38,371][39,371][39,371][39,372][40,372][40,373][40,374][40,374][41,374][42,374][43,374][43,375][43,375][44,375][44,376][44,377][44,377][44,378][44,379][44,379][44,380][44,381][44,382][44,383][45,383][46,383][46,383][47,383][47,384][47,385][47,386][47,387][47,387][47,388][46,388][45,388][44,388][44,388][43,388][42,388][41,388][40,387][40,387][39,387][38,387][38,386][37,385][37,384][36,384][36,384][35,384][35,385][34,385][34,386][34,387][33,387][33,387][32,388][32,389][31,390][30,390][29,390][28,390][28,390][27,390][26,390][25,390][24,390][24,390][24,391][24,391][24,392][24,393][24,394][24,395][24,395][24,396][24,397][24,398][24,399][24,399][24,400][23,400][23,401][23,402][22,403][22,403][21,403][21,404][20,404][20,405][19,405][18,405][17,405][16,405][16,405][16,406][15,406][15,407][14,407][14,407][15,407][16,408][16,408][16,409][17,409][17,410][18,410][18,411][19,411][20,411][20,411][20,411][20,412][21,413][21,414][22,414][22,415][22,415][22,416][23,416][24,417][24,418][24,419][25,419][25,420][26,420][26,421][26,422][27,422][27,423][27,423][27,424][27,425][28,426][28,427][28,427][29,427][30,427][31,427][32,427][32,427][33,427][34,427][35,428][35,429][35,430][36,430][36,431][36,431][36,432][36,433][36,433][36,434][37,434][37,435][38,435][38,435][38,436][38,437][38,438][38,439][38,439][37,439][36,439][36,440][35,440][34,440][34,441][34,442][33,442][32,443][32,443][32,443][31,443][30,443][29,443][28,443][28,443][27,443][26,443][25,443][24,443][24,443][24,443][23,442][22,442][22,441][21,440][21,439][20,439][20,439][20,439][19,438][19,437][19,436][18,436][18,435][18,435][17,434][16,433][16,432][15,431][14,431][14,431][13,431][13,430][13,429][12,429][12,428][12,427][12,427][12,426][12,425][12,424][12,423][12,423][11,423][11,422][10,422][9,421][8,421][8,420][8,419][8,419][7,419][7,418][6,418][6,417][6,416][5,416][5,415][4,415][4,414][4,414][4,413][3,413][3,412][2,412][1,412][0,412][0,412][0,413]
pt
[0,455][0,454][1,453][2,453][2,452][3,452][3,451][4,451][4,451][4,451][5,451][6,451][7,451][8,451][8,451][9,451][10,451][10,451][11,451][12,451][12,451][13,451][13,452][13,453][14,453][14,454][14,455][14,455][15,456][15,457][15,458][15,459][15,459][15,460][14,461][14,462][13,462][13,463][12,463][12,463][12,463][12,464][11,464][11,465][10,465][10,466][9,466][9,467][8,467][8,468][8,468][7,469][6,469][6,470][5,470][4,470][4,471][4,471][3,471][3,471][2,471][2,472][1,472][0,472][0,473][0,473]
pt
[141,0][140,0][140,0][139,0][138,0][137,0][136,1][136,1][135,1][134,2][134,3][133,3][132,4][132,5][132,5][132,6][131,6][130,7][130,7][129,7][129,8][128,8][128,8][128,9][127,10][126,10][125,11][124,11][124,11][123,11][96,25][60,41][36,51][31,54][1,65]
pt
[123,-1][125,0][119,6][89,21][58,34][44,43][26,51][1,59]
pt
[265,0][265,1][266,1][266,2][266,3][266,3][267,3][267,4][267,5][268,6][268,7][268,7][268,7][269,7][269,8][269,9][269,10][269,11][269,11][269,12][268,12][268,13][267,13][266,13][265,13][264,13][264,13][263,14][262,14][261,14][260,14][260,14][259,14][258,14][257,14][256,14][256,14][255,14][255,13][254,13][253,13][252,13][252,13][251,13][250,13][249,13][248,13][248,14][248,15][248,15][248,16][248,17][248,18][248,19][248,19][248,20][248,21][248,22][248,23][247,23][247,23][247,24][246,25][246,26][246,27][245,27][245,27][244,27][244,28][244,29][244,30][243,30][243,31][242,31][242,31][241,31][241,32][240,32][240,33][239,34][239,35][238,35][237,35][237,34][236,35][236,35][235,35][235,36][234,36][233,37][232,37][232,37][231,37][230,38][229,38][229,39][228,39][228,39][227,39][226,39][225,39][224,39][224,39][223,39][222,39][221,39][220,39][220,40][219,40][219,41][218,41][218,42][218,43][217,43][217,44][217,45][217,46][217,47][217,47][216,47][216,48][216,49][216,50][216,51][216,51][216,52][215,53][215,54][215,55][215,55][215,56][215,57][215,58][215,59][215,59][215,60][214,60][214,61][213,61][212,61][212,61][211,61][210,61][210,62][209,62][208,62][208,63][208,63][207,63][206,63][206,64][205,64][204,65][204,65][204,66][203,66][202,66][201,66][201,67][200,67][200,67][199,67][199,68][198,68][197,68][197,69][196,70][196,70][195,71][194,71][194,71][193,71][192,71][192,71][191,71][190,71][189,71][188,71][188,71][188,72][187,72][187,73][187,74][186,74][186,75][186,75][185,75][185,76][185,77][185,78][185,79][184,79][184,79][184,79][184,80][183,80][182,81][181,81][180,81][180,81][179,82][178,82][177,82][177,83][176,83][176,83][175,83][174,83][173,83][172,83][172,83][171,83][170,83][169,83][168,83][168,83][167,83][167,82][166,82][165,82][164,82][164,82][163,82][162,82][161,82][160,82][160,82][159,82][158,82][157,82][156,82][156,83][155,83][154,83][154,83][153,83][152,83][152,84][152,84][151,84][150,84][149,84][148,84][148,84][147,84][146,84][145,84][145,85][145,86][145,87][145,87][145,88][145,89][145,90][145,91][144,91][144,91][143,91][142,91][141,91][140,91][140,91][140,92][140,93][140,94][140,95][140,95][140,95][140,96][141,96][141,97][142,98][143,98][143,99][144,99][144,99][144,100][144,100][144,101][144,102][144,103][144,103][144,103][144,104][143,104][143,105][142,105][142,106][141,106][140,106][140,107][140,107][140,107][140,108][139,108][139,109][139,110][139,111][139,111][139,112][140,113][140,114][140,114][140,115][141,115][141,115][141,116][141,117][141,118][141,119][141,119][141,120][142,120][143,120][143,121][143,122][143,123][143,123][142,123][141,123][140,124][140,124][139,124][139,125][138,125][138,126][138,127][138,127][138,128][138,129][138,130][138,131][138,131][138,132][138,133][138,134][138,135][138,135][138,136][138,137][138,138][138,139][138,139][138,140][138,141][138,142][138,143][138,143][139,143][140,143][140,144][140,145][140,146][140,147][140,147][140,148][139,148][139,149][139,150][139,151][138,151][138,151][137,151][137,152][136,152][136,153][136,154][136,155][136,155][135,155][135,156][135,157][135,158][136,158][136,159][136,159][137,159][138,159][138,159][139,159][140,160][140,161][140,161][140,162][140,163][141,163][141,163][141,164][141,165][140,165][140,166][140,166][140,167][140,167][140,168][140,169][140,170][140,170][140,171][140,171][140,172][141,172][141,173][142,173][142,174][143,175][143,175][144,175][144,176][144,177][144,178][144,179][144,179][144,180][143,180][143,181][143,182][142,182][142,183][141,183][141,183][140,183][140,184][140,184][140,185][140,186][140,187][140,187][140,188][140,189][139,189][139,190][139,191][138,191][138,191][138,192][138,193][138,194][138,195][139,195][139,195][139,196][139,197][139,198][139,199][139,199][140,198][140,199][140,199][139,200][139,201][138,201][138,202][138,203][139,203][139,203][139,204][139,205][140,205][140,206][140,206][141,207][141,207][142,208][142,209][142,210][143,210][143,211][143,211][143,212][143,213][142,213][142,214][142,215][142,215][142,216][142,217][141,217][141,218][140,218][140,219][140,219][140,219][139,219][138,219][138,220][137,220][136,220][136,221][136,221][135,221][134,221][133,221][132,221][132,221][131,221][131,222][130,222][130,223][129,223][129,223][129,224][129,225][129,226][129,227][130,227][130,227][130,228][130,229][131,229][131,230][131,231][132,231][132,232][132,233][132,234][132,235][132,235][132,235][133,235][134,235][135,235][136,235][136,236][137,236][138,237][138,238][138,239][138,239][137,239][137,240][137,241][136,241][136,242][136,242][136,243][136,243][136,243][136,244][137,244][137,245][137,246][138,246][138,247][138,247][138,248][137,249][136,250][136,251][136,251][136,252][136,253][136,254][137,254][137,255][137,255][136,255][136,256][136,257][136,258][136,259][135,259][135,259][135,260][134,260][134,261][133,262][132,262][132,263][132,263][132,263][132,264][132,265][132,266][132,267][132,267][132,268][133,269][133,270][133,271][133,271][134,272][135,273][136,274][136,275][137,275][138,275][138,276][139,276][139,277][140,277][140,278][140,279][140,279][140,280][139,280][138,281][137,281][137,282][136,282][136,283][136,283][136,284][136,285][137,285][137,286][138,286][138,287][139,287][140,287][140,287][141,287][141,287][142,287][142,288][142,289][142,290][142,291][142,291][142,292][142,293][143,293][143,294][144,294][144,295][144,295][144,295][145,295][145,296][146,296][146,297][147,297][148,297][148,297][148,298][148,299][149,299][149,299][149,300][150,300][150,301][150,302][150,303][150,303][151,303][151,304][152,304][152,304][153,304][154,304][155,304][156,304][156,305][156,306][156,307][156,307][156,308][157,308][158,308][159,308][159,307][160,307][160,307][160,308][160,309][160,310][160,311][160,311][160,312][160,313][161,313][162,314][163,314][164,314][164,314][165,314][165,313][166,313][166,312][167,312][168,312][168,312][169,312][170,313][170,314][171,314][171,315][172,315][172,315][172,315][173,315][174,315][175,315][175,316][176,316][176,316][177,316][178,316][178,315][178,315][178,314][178,313][178,312][178,311][178,311][178,310][178,309][178,308][177,308][177,307][176,307][176,306][176,305][176,304][176,303][176,303][176,302][176,301][175,300][175,299][174,299][174,298][173,297][173,296][172,296][172,296][171,296][170,295][169,295][168,295][168,295][167,295][166,295][165,294][164,293][164,292][163,291][163,291][162,291][162,290][162,289][161,289][160,289][160,289][160,288][159,288][159,287][158,287][158,287][157,287][157,286][157,285][157,284][157,283][157,283][157,282][158,282][158,281][159,281][159,280][159,279][160,279][160,279][160,278][159,277][160,277][160,277][161,277][162,277][162,276][163,276][164,276][164,276][165,276][165,275][166,275][166,275][166,274][167,274][168,274][168,274][169,274][169,275][169,275][169,276][169,277][169,278][169,279][169,279][169,280][169,281][170,281][171,281][172,281][172,280][172,279][172,279][172,279][172,278][173,278][174,278][174,277][175,276][175,275][175,275][175,274][175,273][175,272][175,271][175,271][175,270][175,269][175,268][175,267][175,267][175,266][175,265][174,265][174,264][174,263][174,263][174,262][175,262][176,262][176,262][177,262][178,263][179,263][180,263][180,263][181,263][182,263][183,263][184,263][184,262][185,262][186,262][186,261][187,261][187,260][188,260][188,259][188,259][188,259][189,258][189,257][189,256][189,255][189,255][189,254][189,253][189,252][189,251][189,251][189,250][189,249][190,249][191,249][191,248][192,248][192,247][193,247][194,247][194,247][195,247][195,246][196,245][196,244][196,244][196,243][197,243][198,243][199,243][200,243][200,243][200,243][200,244][200,243][200,243][200,242][200,241][200,240][200,239][200,239][200,238][200,237][200,236][200,236][200,235][200,235][200,234][200,233][200,233][200,232][201,232][201,231][202,231][203,231][204,231][204,231][204,231][204,230][204,229][204,228][204,227][205,227][206,226][207,226][208,226][208,227][208,227][208,227][208,228][208,229][208,230][208,231][208,231][208,232][208,234][208,235][208,235][208,236][209,236][210,236][210,235][211,235][211,235][212,235][212,234][213,234][214,234][215,234][215,233][216,233][216,232][216,231][216,231][216,230][216,229][216,228][217,228][217,227][218,227][219,227][219,227][220,227][220,227][221,227][222,227][223,227][224,227][224,227][224,226][224,225][224,224][224,223][224,223][224,222][225,222][226,221][227,221][228,221][228,220][229,220][230,220][230,219][231,219][232,219][232,219][233,219][234,219][235,219][236,219][236,219][237,219][238,219][238,219][239,219][240,219][240,219][241,219][241,218][242,218][243,218][244,218][244,218][245,218][246,218][246,217][247,217][248,217][248,217][249,217][249,218][249,219][249,219][249,220][250,220][250,221][251,222][252,222][252,222][252,223][253,223][253,223][254,223][254,224][255,224][255,225][255,226][256,227][256,227][256,227][257,227][258,228][259,228][260,228][260,229][261,229][262,229][263,229][264,229][264,229][265,229][266,229][267,230][268,230][268,230][268,231][269,231][269,231][270,231][270,232][271,232][271,233][272,233][272,234][273,235][274,235][275,235][275,236][276,236][276,237][276,237][277,238][278,238][278,239][278,239][279,239][279,240][279,241][279,242][279,243][278,243][278,243][278,244][277,244][277,245][276,245][276,246][276,246][276,247][275,247][275,247][275,248][274,248][274,249][274,250][274,251][274,251][275,251][275,252][276,252][276,253][277,253][277,254][277,255][278,255][278,255][278,256][278,257][278,259][278,259][278,260][278,261][277,261][277,262][277,263][277,263][276,263][276,264][276,265][276,266][276,267][276,267][276,268][276,269][277,270][278,270][279,270][280,270][280,270][281,270][282,270][283,270][284,270][284,270][285,270][285,269][286,269][287,268][288,267][288,267][288,267][288,266][288,265][289,265][289,264][289,263][290,263][291,263][292,263][292,262][292,262][292,261][293,261][293,260][294,260][294,259][295,259][296,259][296,258][296,258][297,257][298,256][298,255][299,255][299,255][299,254][299,253][299,252][299,251][298,251][297,251][296,251][296,251][295,251][294,251][294,251][293,251][292,251][292,251][291,251][290,251][289,251][288,251][288,250][288,249][288,248][288,247][288,247][288,246][288,245][288,245][288,244][288,243][289,243][290,243][291,243][291,242][292,242][292,241][292,240][292,239][292,239][292,238][292,237][292,236][292,235][293,235][294,235][295,235][296,235][296,234][297,233][297,232][298,232][298,231][298,231][297,231][297,230][296,230][296,229][296,229][296,228][296,227][296,227][296,226][296,226][297,225][297,224][298,224][299,224][299,223][300,223][300,223][300,223][301,223][301,223][302,223][302,224][302,225][302,226][302,227][302,227][303,227][304,227][304,227][305,227][305,227][306,227][307,227][308,227][308,227][309,226][310,226][311,226][312,226][312,225][312,225][312,224][313,224][313,223][313,223][313,222][313,221][313,220][313,219][313,219][314,219][314,218][314,217][314,216][314,215][314,215][314,214][315,214][315,213][316,213][316,213][317,213][318,213][319,212][319,211][320,211][320,211][321,211][322,211][323,211][324,211][324,211][325,211][326,211][327,211][328,211][328,210][328,210][329,209][329,208][330,207][330,207][330,206][330,205][330,204][329,204][328,203][328,203][328,203][327,203][326,202][326,201][325,201][325,200][324,200][324,199][324,199][325,199][326,199][327,199][328,199][328,199][328,199][329,199][330,199][331,199][331,199][332,199][332,198][332,197][332,197][332,196][332,195][332,195][333,195][333,194][334,194][335,194][336,194][336,195][336,195][336,195][336,196][336,197][337,197][338,197][339,197][340,197][340,196][340,196][341,195][342,195][343,195][343,194][344,194][344,193][344,192][345,192][345,191][345,191][346,191][346,190][347,189][347,188][348,188][348,187][349,187][350,187][350,186][351,186][351,185][352,185][352,184][352,183][351,183][351,183][350,183][349,183][348,183][348,183][348,182][347,182][346,182][346,181][346,180][345,179][345,179][345,178][346,178][347,178][348,178][348,178][349,179][350,179][351,179][352,179][352,180][353,180][354,180][355,180][355,179][355,179][355,178][355,177][355,176][355,175][355,175][355,174][355,173][356,173][356,172][356,172][357,172][358,172][359,171][359,171][360,170][360,169][360,168][360,167][360,167][360,166][360,165][360,164][360,163][360,163][360,163][360,162][360,161][361,161][362,161][363,161][364,161][364,161][364,160][365,160][365,159][366,159][366,158][367,157][368,157][368,156][368,155][368,155][368,154][368,153][368,152][368,151][368,149][368,148][368,147][368,147][368,146][368,145][369,144][370,144][370,143][371,143][372,143][372,143][372,143][373,142][374,142][374,141][375,141][376,141][376,140][376,139][376,139][376,138][376,137][376,136][376,135][376,135][376,134][376,133][376,132][376,131][376,131][377,131][378,131][379,131][380,131][380,131][381,131][382,130][383,130][383,129][384,129][384,129][385,129][386,129][387,129][388,129][388,129][389,129][390,129][391,129][392,129][395,126][396,126][396,126][397,126][397,125][398,125][398,124][398,123][399,123][399,123][399,122][399,121][399,120][398,120][398,119][397,119][397,119][398,118][399,118][399,117][400,117][400,116][400,116][400,115][401,115][401,115][402,115][402,114][402,113][403,113][404,112][404,112][405,112][406,112][407,112][408,112][408,113][408,114][408,115][408,115][409,115][409,115][410,115][411,115][412,116][412,116][413,116][414,117][415,117][416,117][416,116][416,115][417,115][417,115][417,114][418,114][418,113][418,112][419,112][419,111][419,111][419,110][419,109][419,108][418,108][418,107][417,107][417,107][416,107][416,107][416,106][415,106][415,105][414,105][414,104][413,104][412,104][412,103][413,103][414,103][415,103][416,103][416,103][417,103][418,103][419,103][419,103][420,103][420,103][421,103][422,103][423,103][424,103][424,103][425,103][426,103][427,103][428,103][428,103][429,103][430,103][430,103][431,103][431,102][432,102][432,101][432,101][432,100][433,100][433,99][434,99][434,99][434,98][434,97][434,96][434,95][434,95][433,94][433,93][432,92][432,91][432,91][431,91][430,91][429,91][428,91][428,91][427,91][426,91][425,90][424,90][424,90][423,90][422,90][421,90][421,89][420,89][420,89][420,88][419,88][418,88][418,87][417,87][417,87][416,86][416,85][416,85][416,84][416,83][415,83][415,83][414,83][413,83][412,83][412,83][411,83][410,83][409,83][408,83][408,83][407,83][406,83][406,82][405,81][404,80][404,79][404,79][403,79][402,79][401,79][400,79][400,79][399,79][398,79][397,79][396,79][396,79][395,79][394,79][393,79][393,78][392,78][392,78][392,77][391,77][391,76][391,75][391,75][391,74][390,73][390,72][389,72][389,71][388,71][388,71][388,71][388,70][387,70][386,70][386,69][385,69][384,69][384,68][384,67][384,67][384,66][384,65][384,64][384,63][384,63][384,63][383,63][383,62][382,62][382,61][381,61][380,61][380,60][380,59][381,59][381,59][382,59][383,59][383,58][384,58][384,58][385,58][385,57][386,57][387,56][387,55][387,55][388,55][388,54][388,54][388,53][388,52][388,51][388,51][387,51][386,51][386,50][385,50][384,50][384,50][383,50][382,50][382,49][381,49][380,49][380,49][379,48][378,48][378,47][377,47][376,47][376,47][375,47][374,47][373,47][372,47][372,47][371,47][371,47][370,47][369,46][368,46][368,45][368,44][368,43][367,43][367,42][367,41][367,40][366,40][365,39][364,39][364,39][363,38][362,38][361,38][360,38][360,37][361,37][362,37][363,37][364,37][364,37][365,37][366,37][367,37][368,37][368,37][369,37][370,37][371,38][372,38][372,38][373,39][374,39][375,39][376,39][376,39][377,39][378,39][379,39][380,39][380,39][381,39][382,39][383,39][384,39][384,39][385,39][386,39][385,39][384,39][384,39][383,39][382,39][382,38][381,38][380,37][380,37][379,37][378,37][378,36][377,36][377,35][376,35][376,35][376,35][375,35][375,34][374,34][374,33][373,33][373,32][372,32][372,32][372,31][372,31][372,31][372,30][373,30][374,30][374,29][375,29][375,28][376,28][376,28][377,27][378,27][378,27][379,27][377,26][378,26][379,26][380,26][380,26][381,26][382,26][383,26][384,26][384,26][384,27][385,27][386,27][387,27][388,27][388,27][388,26][389,26][389,25][390,25][391,25][391,24][392,24][392,24][393,24][393,23][393,23][394,22][395,21][396,21][396,21][397,21][397,20][398,20][399,20][399,19][400,19][400,18][400,17][400,16][400,15][400,15][400,14][400,13][400,12][400,11][400,11][400,10][400,9][399,9][398,8][397,8][397,7][396,7][396,7][395,7][394,7][394,8][393,8][393,9][393,10][392,10][392,11][392,11][392,12][392,13][392,13][392,14][391,14][391,15][390,15][390,15][389,15][388,15][388,15][387,15][386,14][386,13][385,13][385,12][385,11][385,11][385,10][385,9][386,8][386,7][387,7][388,7][388,7][388,7][389,6][390,6][390,5][391,5][392,5][392,4][392,3][392,3][392,2][392,2][392,1][392,0][392,-1]
cr
[210,256][210,255][211,255][212,255][212,255][212,255][213,255][214,255][215,255][216,255][216,255][217,254][218,254][219,254][219,253][220,253][220,252][220,251][220,251][221,251][221,250][222,250][222,249][223,249][223,248][223,247][224,247][224,247][224,246][224,245][223,245][222,245][221,245][220,245][220,244][220,244][219,244][218,244][217,244][216,244][216,244][215,244][214,244][214,243][213,243][212,243][212,243][211,243][210,243][210,243][209,243][208,243][208,243][207,243][206,243][205,243][205,243][205,244][205,245][205,246][205,247][204,247][204,247][204,248]
cr
[224,270][225,270][226,270][227,269][228,269][228,269][229,269][229,268][230,268][231,268][232,268][232,268][233,268][234,268][235,268][236,268][236,267][236,267][236,267][236,266][236,265][236,264][236,263][236,263][236,262][236,261][236,260][236,259][236,259][236,259][236,258][236,257][236,256][236,255][236,255][237,255][238,255][239,256][239,257][240,257][240,258][240,258][240,257][241,257][241,256][242,256][242,255][242,255][243,255][243,254][243,253][243,252][243,251][244,251][244,251][244,250][244,249][244,248][244,247][244,247][244,246][244,245][243,244][243,243][243,243][243,242][243,241][243,240][243,239][242,239][242,239][241,239][240,239][240,239][239,239][238,239][238,238][237,238][236,238][236,238][235,238][234,238][233,238][232,238][232,239][232,239][232,240][232,241][232,242][232,243][232,243][232,244][231,244][231,245][231,246][231,247][230,247][230,247][230,248][230,249][230,250][230,251][230,251][230,252][231,253][231,254][231,255][231,255][230,255][229,255][228,255][228,255][227,255][226,255][225,255][224,255][224,256][224,256][223,256][223,257][223,258][223,259][222,259][222,260][221,261][221,262][221,263][220,263][220,263][220,263][220,264][220,265][219,265][218,265][217,265][216,265][216,265][215,265][214,265][213,265][212,265][212,266][212,266][212,267]
cr
[242,284][241,284][240,284][240,283][240,283][240,283][240,282][240,281][240,280][240,279][240,279][240,278][240,277][240,276][240,276][241,275][242,275][243,275][244,275][244,275][245,275][246,275][247,275][248,275][248,275][249,275][249,276][249,277][249,278][250,278][250,279][250,279][250,280][250,281][250,282][250,283][251,283][251,282][252,281][252,280][252,280][252,279][252,279][253,279][253,278][254,278][255,278][256,277][256,277][257,277][258,277][259,277][260,277][260,277][261,277][262,277][263,277][263,276][263,275][263,275][263,274][263,273][263,272][263,271][263,271][263,270][263,269][263,268][262,268][261,268][260,268][260,268][260,267][259,267][259,267][258,267][257,267][256,267][256,266][256,266][256,265][256,264][256,263][256,263][256,262][256,261][256,260][256,259][256,259][256,259][257,259][258,259][259,259][259,258][260,257][260,256][260,255][260,255][261,254][261,253][261,252][261,251][262,251][262,250][263,250][263,249][264,249][264,249][265,249][266,249][267,249][267,248][268,248][268,248][269,248][270,248][270,249][271,249][271,250][272,250][272,251][272,251][272,252][271,252][271,253][270,253][269,253][269,254][268,254][268,255][268,255][267,255][266,255][265,255][265,256][264,256][264,256][263,256][263,257][263,258][263,259][263,259][263,260][263,261][263,262][264,262][264,261][264,261][265,261][265,260][266,260][266,259][267,259][268,259][268,258][268,258][269,258][270,258][270,259][270,259][270,260][270,261][270,262][270,263][270,263][270,264][270,265][270,266][269,266][269,267][268,267][268,267][268,268][268,269][268,270][268,271][268,271][268,272][268,272][268,273][268,274][268,275][268,275][268,276][268,277][268,278][268,279][268,279][268,280][268,281][268,282][268,283][268,283][268,284][268,285][268,286][267,287][266,287][265,287][264,287][264,287][263,287][262,286][262,285][261,285][261,284][260,283][260,283][259,283][259,283][259,284][259,285][259,286][259,287][259,287][259,288][259,289][259,290][259,291][258,291][258,291][257,291][256,291][256,291][256,291][256,290][256,289][255,289][254,289][253,289][252,289][252,289][251,289][250,289][249,289][248,289][248,289][247,289][246,289][246,290][245,290][244,290][244,289][244,289][244,288][243,287][243,287][243,286][243,285]
pt
[500,0][500,1][500,2][500,3][500,3][499,3][499,4][498,5][498,6][498,7][498,7][498,8][499,8][499,9][500,9][500,9][501,9][502,9][502,10][503,11][503,11][504,11][504,12][504,13][504,14][503,15][502,15][501,17][500,18][500,19][500,19][500,20][500,21][499,21][499,22][499,23][499,23][499,24][499,25][499,26][499,27][499,27][499,28][499,29][500,29][500,29][501,29][502,29][503,29][504,29][504,30][505,30][506,30][506,31][507,31][508,31][508,31][509,31][509,32][510,32][510,33][511,34][511,35][512,35][512,35][512,35][513,35][514,36][515,36][515,37][516,38][516,39][516,39][516,40][516,41][517,41][518,41][518,42][519,42][520,42][520,42][520,43][521,43][522,43][522,43][522,44][523,44][524,44][524,44][525,44][526,44][527,44][527,45][527,46][527,47][527,47][527,49][527,50][527,51][527,51][527,52][526,54][526,55][525,55][525,55][524,55][524,56][523,56][522,56][521,56][520,57][520,58][520,59][520,59][520,60][520,60][520,61][519,62][519,63][518,63][518,63][517,64][517,65][517,66][516,67][516,67][515,67][514,67][513,67][512,67][512,66][512,65][512,64][512,63][512,63][512,62][512,60][513,59][513,59][514,58][514,57][514,56][514,55][514,55][514,54][513,54][512,54][512,55][512,55][512,55][511,56][510,56][510,57][509,58][509,59][509,59][509,60][508,61][508,62][508,63][508,63][508,64][508,65][508,66][508,67][508,67][507,67][506,67][506,68][505,68][504,68][504,68][504,67][504,67][504,66][503,66][503,65][503,64][502,64][502,63][502,63][502,62][501,62][501,61][501,60][501,59][501,59][501,58][501,57][502,57][502,56][502,55][503,55][502,55][501,55][500,55][500,56][500,56][499,56][498,57][497,57][497,58][496,58][496,59][496,59][496,59][495,59][494,59][493,59][493,59][492,59][492,59][491,59][491,58][490,58][490,57][489,57][489,56][489,55][488,55][488,55][488,54][488,53][488,53][488,54][488,55][488,56][488,57][488,58][488,59][488,59][488,60][488,61][488,62][488,62][488,63][489,63][489,63][489,64][489,65][490,66][490,67][490,67][490,68][490,69][490,70][490,71][490,71][490,72][490,73][489,73][489,74][488,75][488,75][487,75][487,75][486,75][485,75][485,76][484,76][484,76][483,76][482,76][481,75][480,75][480,74][480,73][480,73][480,72][480,71][480,71][480,70][480,69][480,68][480,67][480,67][480,66][480,66][480,65][480,64][480,63][480,63][480,63][480,62][480,61][480,60][480,59][480,59][480,58][480,58][480,57][481,56][482,55][482,55][483,55][483,54][482,54][481,54][481,55][480,55][480,55][480,56][479,56][479,57][478,57][478,58][477,58][477,59][476,59][476,59][476,59][475,60][474,61][473,62][473,63][472,63][472,63][472,64][472,65][472,66][472,67][472,67][472,68][472,69][472,70][472,71][472,71][472,72][472,73][471,73][471,74][471,75][471,75][471,76][471,77][471,78][471,79][470,79][470,79][469,79][468,79][468,79][468,79][467,79][467,78][466,78][466,77][465,77][465,76][464,76][464,75][464,75][464,75][464,74][464,73][464,72][464,71][464,71][464,70][464,69][464,68][464,67][465,67][465,67][465,66][466,66][466,65][466,64][466,63][466,63][466,62][465,63][465,63][464,63][464,64][463,65][462,66][461,67][460,67][460,67][459,67][458,67][457,67][456,67][456,67][455,67][455,67][454,67][453,67][452,67][452,67][451,67][450,67][449,67][451,68][448,67][447,66][446,66][446,65][445,65][444,65][444,64][444,64][443,64][442,64][442,65][442,66][442,67][442,67][442,68][442,69][441,69][441,70][440,70][440,70][439,70][439,71][439,71][439,72][438,73][438,74][438,75][438,75][438,76][437,76][437,77][437,78][437,79][437,79][437,80][436,81][436,82][436,83][436,83][436,84][436,85][436,86][436,86][435,86][435,87][434,87][433,87][432,87][432,87][431,87][430,87][429,87][428,87][428,87][428,86][428,85][428,84][428,83][428,83][428,83][429,83][429,82][430,82][430,81][431,81][431,80][432,80][432,79][432,79][432,79][432,78][433,78][433,77][433,76][433,75][433,75][433,74][432,74][432,73][432,73][432,72][431,72][431,71][431,71][430,71][430,70][430,69][430,68][430,67][430,67][430,66][431,66][432,65][432,64][432,64][433,63][434,63][434,63][435,63][436,63][436,63][437,63][438,62][439,62][439,61][440,61][440,60][440,60][440,59][441,59][441,59][442,59][442,58][443,58][443,57][444,57][444,56][445,56][446,56][447,55][448,55][448,55][449,55][450,55][451,55][452,55][452,54][453,54][454,54][454,53][455,53][456,53][456,52][457,52][457,51][458,51][458,51][458,50][458,49][457,49][457,48][457,47][456,47][456,47][455,47][455,46][454,46][453,46][452,46][452,46][451,46][450,46][449,46][448,46][448,46][447,46][446,46][446,45][445,45][444,45][444,44][443,44][442,44][441,44][440,43][440,43][440,42][440,42][439,42][439,41][439,40][439,39][439,39][439,38][439,37][438,36][437,35][436,35][436,34][436,34][436,33][436,32][435,32][435,31][434,31][433,31][433,31][433,30][433,29][434,29][435,28][436,28][436,27][436,27][437,27][438,27][439,27][440,27][440,27][441,27][442,27][443,27][444,27][444,27][444,26][444,25][443,24][443,23][443,23][442,22][442,21][441,21][441,20][440,20][440,19][440,19][440,19][440,18][440,18][441,18][442,18][443,18][444,18][444,18][445,18][446,18][447,17][448,17][448,16][448,15][448,15][448,14][448,13][448,12][448,11][448,11][448,10][448,9][448,8][449,8][449,7][450,7][450,7][451,7][452,6][452,6][453,6][453,7][454,7][454,7][454,8][454,9][454,10][454,11][454,11][454,12][454,13][454,14][454,15][454,15][454,16][454,17][454,18][454,19][454,19][454,20][454,21][454,22][453,22][453,23][453,23][453,24][452,25][452,26][452,27][452,27][452,27][452,28][451,28][451,29][451,30][451,31][451,31][451,32][452,32][452,32][453,32][454,33][455,33][456,33][456,33][457,33][458,33][459,33][459,32][459,31][459,31][459,30][460,30][460,29][460,28][460,27][460,27][460,26][460,26][460,25][460,24][461,24][461,23][462,23][463,23][464,23][464,23][465,23][466,23][467,23][468,23][468,23][469,23][470,23][471,23][472,23][472,23][473,23][473,22][473,21][472,21][472,20][472,19][472,19][472,18][472,17][471,17][471,16][470,16][470,15][469,15][469,14][469,13][469,12][469,11][470,11][471,11][472,11][472,11][473,11][474,11][475,11][476,11][476,11][477,11][478,11][479,11][480,11][480,11][481,11][482,11][483,11][484,11][484,11][485,11][486,11][485,11][485,10][484,10][484,9][484,8][484,7][484,7][484,6][484,5][484,4][484,3][484,3][484,3][484,2][484,1][484,0][483,0][483,-1]
pt
[414,1][414,2][414,3][414,3][414,4][414,5][413,5][413,6][413,7][412,7][412,7][412,8][412,8][412,9][411,9][410,9][410,10][409,10][409,11][409,11][409,12][409,13][410,14][410,15][410,15][410,16][409,16][409,17][408,18][408,19][408,19][408,20][408,21][407,21][407,22][406,22][405,22][405,23][404,23][404,23][404,23][403,23][403,24][403,25][402,26][402,27][401,27][401,27][401,28][400,28][400,30][400,31][399,31][399,31][399,32][400,32][400,32][400,33][401,33][402,33][403,33][404,33][404,34][404,35][404,35][404,36][404,37][404,38][404,39][404,39][403,39][403,40][402,40][401,40][400,40][400,41][400,42][401,43][402,43][402,44][402,45][402,46][402,47][402,47][402,48][402,49][402,50][402,51][402,51][401,51][401,52][401,53][401,54][400,54][400,55][400,55][399,55][398,55][398,55][397,55][396,55][396,56][396,57][396,57][396,58][396,59][395,59][395,59][396,59][396,59][397,59][398,59][399,59][400,59][400,58][400,58][401,58][402,58][403,58][404,58][404,58][405,57][406,56][406,55][407,55][408,55][408,55][409,55][410,55][411,55][412,55][412,55][413,56][414,56][414,57][415,57][415,58][416,58][416,58][417,58][418,58][419,58][420,58][420,58][421,57][422,57][424,56][424,55][425,55][425,55][426,55][426,54][427,54][428,54][428,53][429,53][429,52][430,52][430,51][431,51][431,51][431,50][431,49][431,48][431,47][430,47][430,46][429,46][429,45][429,44][428,43][428,43][428,43][427,42][426,41][425,41][424,41][424,40][424,40][423,40][422,40][421,40][420,40][420,40][419,40][418,40][417,40][416,40][416,40][415,40][415,39][414,39][414,39][413,39][413,38][412,38][412,37][412,36][412,35][413,35][414,35][415,35][416,35][416,35][417,35][418,35][419,35][420,35][420,35][420,35][420,34][420,33][420,32][420,31][421,31][421,31][421,30][421,29][421,28][421,27][421,27][421,26][421,25][420,24][420,23][420,23][420,22][420,21][420,20][421,20][421,19][422,19][423,19][424,19][424,18][424,18][424,17][425,17][425,16][426,16][426,15][426,15][427,15][427,14][427,13][428,13][428,12][428,11][428,11][428,11][428,10][428,9][428,8][428,8][428,7][427,7][426,7][426,6][425,6][425,5][424,5][424,4][424,4][424,3][423,3][423,3][423,2][423,1][423,0][422,0][422,-1]
