52
pt
[3,401][3,402][3,403][3,403][4,403][4,404][4,404][4,405][5,405][5,406][6,406][7,406][7,407][8,407][8,407][9,407][10,407][10,407][11,407][12,407][12,407][12,408][13,408][14,408][15,408][16,408][16,408][17,408][17,407][18,407][19,407][19,407][19,406][20,406][20,405][20,404][20,404][20,403][21,403][21,403][22,403][23,402][24,402][24,402][25,402][26,402][26,403][27,403][27,403][28,403][28,404][28,404][28,405][29,405][30,405][31,405][31,406][32,406][32,407][32,407][33,407][34,407][35,407][36,406][36,406][36,405][37,405][37,404][38,404][38,403][39,403][40,403][40,402][40,402][41,401][42,401][42,400][43,400][43,399][44,399][44,399][45,399][46,399][47,399][48,399][48,400][48,400][48,401][49,401][49,402][50,402][51,402][52,402][52,402][53,402][54,402][55,402][56,402][56,402][56,403][57,403][58,403][58,403][59,403][59,404][60,404][60,404][60,405][61,405][62,405][63,405][63,406][64,406][64,407][64,407][64,407][64,408][65,408][65,409][66,409][66,410][67,410][68,410][68,411][68,411][68,412][68,413][68,413][69,413][70,413][71,413][71,414][71,415][72,415][72,415][72,416][73,416][74,416][75,416][76,416][76,416][77,416][78,416][79,416][80,416][80,416][81,416][82,416][82,417][82,418][82,419][82,419][82,420][83,420][84,420][84,420][85,420][85,421][86,421][86,422][87,422][87,423][88,423][88,423][88,423][89,423][89,424][90,424][90,425][90,426][90,427][91,427][91,428][91,429][92,429][92,430][92,430][92,431][93,431][94,431][94,431][95,431][96,431][96,431][97,431][98,431][98,432][99,432][99,433][100,433][100,434][100,434][100,435][100,435][100,436][100,437][100,438][100,439][100,439][100,440][100,441][100,442][100,443][100,443][100,444][101,444][101,445][102,445][102,446][103,446][104,447][104,447][104,447][105,447][105,448][105,449][105,450][105,451][105,451][106,451][106,452][106,453][106,454][107,454][107,455][107,455][108,455][108,456][108,457][109,457][109,458][109,459][110,459][110,459][111,459][111,460][111,461][111,462][111,463][111,463][111,464][111,465][111,466][110,466][109,466][109,467][109,467][109,468][109,469][109,470][109,471][108,471][108,471][108,471][108,472][107,472][107,473][107,474][106,474][106,475][105,475][105,475][104,475][104,476][104,477][104,478][104,479]
cr
[157,368][158,368][159,368][160,368][160,367][161,367][161,367][162,366][163,366][163,365][164,365][164,365][164,364][164,363][165,363][165,363][165,362][165,361][165,360][165,359][165,359][165,358][165,357][165,356][165,354][165,353][165,352][165,351][165,351][165,350][166,350][166,349][166,348][166,347][166,347][165,347][165,346][164,346][164,345][164,345][164,344][163,344][163,343][162,343][161,343][161,343][161,342][160,342][160,342][159,342][158,342][157,342][156,342][156,341][156,341][156,340][155,340][155,339][154,339][154,339][153,339][153,338][152,338][152,338][151,338][150,338][150,337][149,337][148,337][148,337][147,337][146,337][145,337][144,337][144,338][144,338][144,339][143,339][143,339][143,340][143,341][142,341][142,342][142,343][142,343][141,343][141,344][140,344][140,345][140,346][140,347][139,347][139,348][139,349][139,350][139,351][139,351][139,352][139,353][138,354][138,355][137,355][137,356][137,357][137,358][137,359][137,359][137,360][137,361][137,362][138,362][138,363][139,363][139,363][140,363][140,363][141,363][142,363][143,363][143,363][142,363][142,362][142,361][143,361][143,360][143,361][143,362][143,363][143,363][143,364][143,365][143,366][144,366][144,366][144,367][145,367][146,367][147,367][147,367][148,367][148,367][149,367][150,367][151,367]
pt
[247,475][248,475][248,475][248,475][249,475][250,474][251,474][252,473][252,473][252,472][252,471][252,471][252,470][253,470][253,469][253,468][254,468][254,467][254,467][254,466][255,466][255,465][255,464][255,463][255,463][255,462][255,461][255,460][256,460][256,459][256,459][256,459][257,459][257,458][258,458][258,457][259,457][260,457][260,457][260,456][260,457][260,458][260,459][260,459][260,460][260,461][260,462][260,463][260,463][261,463][261,464][261,465][261,466][262,466][263,466][264,466][264,466][265,466][266,466][266,465][266,464][266,463][266,463][266,462][266,461][266,460][267,460][268,460][268,459][268,459][268,459][269,459][269,458][269,457][270,457][270,456][271,456][271,457][271,458][272,458][272,458][272,459][273,459][274,459][275,459][276,459][276,459][276,458][277,458][277,457][277,456][278,456][278,455][279,455][279,455][279,454][279,453][279,452][279,451][279,451][279,450][279,449][279,448][280,448][280,447][280,447][281,447][282,447][283,447][284,447][284,447][285,447][286,447][287,447][288,447][288,448][288,448][289,448][290,448][291,448][292,448][292,448][293,448][294,448][294,447][295,447][296,447][296,447][297,447][298,447][299,447][300,447][300,447][301,447][301,447][302,447][303,447][304,447][304,447][305,447][306,447][307,447][308,447][308,447][309,447][310,447][311,447][312,447][312,447][313,447][314,447][314,447][314,448][314,449][314,450][314,451][314,451][314,452][315,452][315,453][316,453][316,453][316,454][317,454][318,454][319,454][320,454][320,454][321,454][321,455][322,455][323,455][323,455][324,455][324,456][324,456][324,457][324,458][325,458][325,459][325,459][326,459][326,460][327,460][328,460][328,461][328,461][328,462][329,462][329,463][330,463][331,463][332,463][332,463][332,463][333,463][334,463][335,463][336,463][336,463][336,464][336,465][336,466][336,467][336,467][336,468][336,469][336,470][336,471][336,471][336,472][336,473][335,473][335,474][335,475][335,475][335,476][334,476][334,477][333,477][332,477][332,478][332,478][332,479]
pt
[264,478][264,477][264,476][264,475][264,475][264,475][264,474][264,473][264,472][264,471][265,471][265,471][266,471][267,471][268,471][268,471][269,471][270,471][271,471][272,471][272,471][273,471][274,471][274,471][275,471][275,472][276,472][276,472][277,472][277,473][278,473][279,473][280,473][280,473][280,474][281,474][282,474][282,475][283,475][283,475][284,475][284,475][285,475][285,476][286,476][286,477][286,478][286,479][287,479]
pt
[291,478][291,477][292,477][292,477][292,476][293,476][293,475][293,475][293,474][292,474][292,473][292,473][291,473][291,472][290,472][290,471][289,471][288,471][288,471][288,470][288,469][289,468][290,468][291,467][292,467][292,467][293,467][294,467][295,467][296,467][296,467][296,468][297,468][298,468][298,469][299,469][299,470][300,470][300,471][300,471][300,471][300,472][301,472][301,473][301,474][301,475][302,475][302,475][302,476][303,476][303,477][303,478][304,478][304,479]
pt
[264,476][264,477][264,478][264,479]
pt
[248,475][248,475][248,476][248,478][248,479]
pt
[347,479][348,479][348,479][349,479][350,478][351,478][352,477][352,476][352,476][352,475][353,475][354,475][354,474][354,473][354,472][354,471][353,471][353,471][353,470][352,469][352,468][352,467][351,467][351,466][351,465][351,464][351,463][351,463][351,462][351,461][351,460][352,460][352,459][352,459][352,459][352,458][352,457][352,456][352,455][352,455][352,454][352,453][352,452][352,451][352,451][352,450][352,449][352,448][352,447][353,447][354,447][355,447][356,447][356,447][357,447][357,447][357,448][358,448][358,449][359,449][359,450][359,451][359,451][359,452][359,453][359,454][359,455][359,455][360,455][360,456][360,456][361,456][362,456][363,456][364,456][364,456][364,455][364,455][365,455][366,455][367,455][367,454][368,454][368,453][368,452][368,451][369,451][369,451][370,450][370,449][371,448][371,447][372,447][372,447][372,446][372,445][372,444][372,443][372,443][372,442][372,442][373,442][374,442][375,442][375,441][376,441][376,441][377,441][377,440][378,440][379,440][380,440][380,439][380,439][381,439][382,439][382,439][383,439][384,439][384,439][384,438][385,438][385,437][385,436][385,435][385,435][385,434][385,433][385,432][384,432][384,431][384,431][384,431][383,431][383,430][383,429][382,429][382,428][383,427][384,427][384,427][384,427][384,426][385,426][386,426][387,426][387,425][388,425][388,424][388,423][388,423][388,423][388,422][388,421][388,420][388,419][389,419][390,419][391,419][392,419][392,420][392,421][392,421][392,422][393,422][394,422][395,422][396,421][396,420][396,420][396,419][397,419][398,419][399,419][400,419][400,418][400,418][401,418][401,417][402,417][403,417][403,416][403,415][404,415][404,415][404,415][404,414][404,413][405,413][405,412][405,411][405,411][405,410][405,409][405,408][404,408][404,407][404,407][404,407][404,407][405,407][406,407][407,407][408,407][408,406][408,406][409,406][410,405][411,405][412,405][412,404][412,404][412,403][413,403][413,403][415,403][416,403][416,402][416,402][416,401][417,401][417,400][417,399][417,399][418,399][418,398][419,398][419,397][420,397][420,396][420,395][420,395][420,395][420,394][420,393][420,392][421,392][421,391][421,391][421,390][421,389][421,388][421,387][421,387][422,387][422,386][423,386][423,385][424,385][424,384][424,384][424,383][425,383][425,383][426,382][427,381][428,381][428,380][429,379][429,379][429,378][430,377][430,376][430,375][430,375][430,374][430,373][430,372][430,371][430,371][430,370][430,369][430,368][430,367][430,367][431,367][431,366][432,366][432,365][432,365][432,364][433,364][434,364][434,363][435,363][435,363][435,362][436,362][436,361][436,361][436,360][437,360][437,359][438,359][438,358][439,358][439,357][440,357][440,357][440,356][441,356][442,356][442,357][443,357][443,358][443,359][444,359][444,359][445,359][446,359][446,358][447,358][447,357][448,357][448,357][449,357][450,357][451,357][452,357][452,357][453,357][454,357][455,357][455,356][456,356][456,355][456,355][456,355][456,354][456,353][457,353][457,352][457,351][457,351][457,350][457,349][457,348][458,348][459,348][459,347][459,347][460,347][460,347][460,346][461,346][461,345][462,345][462,344][463,344][463,343][463,343][463,342][464,342][464,342][465,342][466,342][467,342][468,342][468,342][469,342][470,342][471,342][472,342][472,342][473,342][473,341][474,340][474,339][475,339][475,339][475,338][475,337][475,336][475,335][476,335][476,335][476,334][476,334][476,333][477,333][477,332][478,332][479,332][479,331][480,331][480,331][481,331][482,331][483,331][484,331][484,331][485,331][486,331][487,331][488,331][488,331][489,331][490,331][490,331][491,331][491,330][491,329][491,328][491,327][491,327][491,326][491,325][491,324][491,323][491,323][491,322][491,321][491,320][491,319][490,319][489,319][488,319][488,319][487,319][486,319][485,319][484,319][484,319][483,319][482,319][481,319][480,319][480,319][479,319][478,319][478,319][478,318][478,317][478,316][479,316][479,315][479,315][478,315][478,314][477,314][477,313][476,313][476,312][476,312][475,312][475,311][474,311][473,311][472,311][472,311][472,309][472,309][471,309][470,309][469,309][469,308][468,307][469,307][470,307][471,308][472,308][472,308][473,308][474,308][475,308][475,307][475,307][476,307][476,306][476,305][476,304][476,304][477,304][478,304][479,304][480,304][480,305][480,306][480,306][480,307][480,307][481,307][481,308][482,308][482,309][483,309][484,308][484,308][484,309][484,310][485,310][485,311][485,311][485,312][485,313][485,314][486,314][486,315][487,315][488,315][488,315][489,315][490,315][490,314][491,314][491,313][491,312][492,312][492,311][492,311][492,311][492,310][493,310][494,310][495,310][495,309][495,308][495,307][495,307][494,307][494,306][493,306][493,305][494,305][495,304][495,303][496,303][496,303][496,302][496,301][496,300][496,300][496,299][497,299][497,299][497,298][497,297][497,296][497,295][498,295][499,295][500,295][500,295][501,295][502,295][503,295][504,295][504,295][504,295][505,295][506,295][506,295][506,296][506,297][505,297][505,298][505,299][505,299][505,300][505,301][506,301][506,302][507,302][507,303][508,303][508,303][509,303][510,303][511,303][511,302][512,302][512,301][512,300][512,299][512,299][512,298][512,297][513,297][514,297][515,297][516,297][516,297][517,297][517,298][518,298][518,299][519,299][519,299][520,299][520,300][521,300][521,301][522,301][523,301][524,301][524,302][524,302][525,302][525,303][526,303][526,303][526,304][527,304][528,304][528,304][528,303][528,303][529,303][529,302][529,301][529,300][530,300][530,299][531,299][531,299][532,299][532,298][532,297][532,296][532,295][532,295][531,295][530,295][530,294][530,293][530,292][530,291][530,291][530,290][531,289][532,289][532,288][533,288][534,288][534,289][535,289][536,290][536,291][536,290][536,289][536,288][536,287][536,287][536,286][536,285][536,284][536,283][536,283][536,282][536,281][535,280][534,280][534,279][533,279][533,279][532,279][532,278][532,277][532,276][533,276][534,276][534,275][535,275][536,275][536,276][536,276][536,277][536,278][537,278][538,278][538,279][539,279][540,279][540,280][540,280][541,280][542,280][543,280][544,280][544,280][545,280][546,280][547,280][547,281][547,282][547,283][547,283][546,283][545,284][544,284][544,285][543,285][542,285][541,285][541,286][541,287][541,287][541,288][541,289][542,290][543,290][544,290][544,291][544,291][544,291][544,292][544,293][544,293][543,293][543,294][542,295][541,295][541,295][540,295][540,296][540,296][539,296][538,297][537,297][537,298][537,299][537,299][537,300][537,301][538,301][538,302][538,303][539,303][539,303][539,304][539,305][540,305][540,306][540,306][540,307][540,307][541,307][542,307][543,307][544,307][544,307][544,307][544,306][544,305][544,304][544,303][545,303][546,303][546,302][547,302][548,302][548,301][548,300][548,300][549,300][549,299][550,299][551,299][552,299][552,298][552,297][553,296][553,295][554,295][554,295][554,294][554,293][554,292][554,291][553,291][553,291][552,291][552,290][552,289][552,289][552,288][552,287][551,287][551,286][550,286][550,285][550,284][551,284][551,283][552,283][552,283][553,283][554,283][555,283][556,283][556,283][556,283][557,283][558,283][558,282][559,282][560,282][560,281][560,281][561,281][562,281][563,281][564,281][564,281][565,281][565,282][565,283][565,283][564,283][564,284][564,284][564,285][563,285][562,286][561,286][561,287][561,287][561,288][561,289][561,290][562,290][562,291][562,291][562,292][562,293][562,294][562,295][563,295][564,295][564,295][565,295][566,295][566,295][567,295][567,294][568,294][568,293][568,293][568,292][569,292][569,291][570,291][570,291][571,291][572,291][572,291][573,292][573,293][574,293][574,294][575,295][576,295][576,295][576,294][577,294][577,293][578,293][578,292][579,292][579,291][579,291][580,291][580,290][580,290][580,289][581,289][581,288][582,288][582,287][582,287][582,286][581,286][581,285][580,285][580,285][579,285][578,285][577,285][576,285][576,285][575,285][574,285][573,285][572,285][572,284][572,283][572,283][572,282][572,281][572,280][572,279][572,279][572,279][571,279][570,279][570,278][570,277][571,277][572,277][572,277][573,277][574,277][575,277][575,276][576,276][576,275][576,275][576,274][576,273][577,273][577,272][577,271][577,271][577,270][577,269][578,269][578,268][578,267][578,267][578,266][577,266][577,265][576,265][576,264][576,264][575,264][575,263][574,263][573,263][572,263][572,263][571,263][570,263][569,263][568,263][568,263][567,263][567,262][566,262][565,262][565,261][564,261][564,261][564,262][564,263][564,263][564,263][564,262][564,261][564,260][564,259][564,259][564,258][564,257][564,256][564,255][564,255][564,254][564,254][564,253][563,253][562,253][562,252][562,251][562,251][562,250][563,249][563,248][564,248][564,247][564,247][564,246][564,245][564,244][563,243][562,243][562,243][561,243][560,243][560,243][559,243][559,242][558,242][559,242][560,241][560,241][561,241][562,241][563,241][564,241][564,241][565,241][565,240][566,240][566,239][567,239][567,239][567,238][568,237][568,236][568,235][568,235][567,235][567,234][566,234][566,233][565,233][565,232][564,232][564,232][564,231][563,231][563,231][563,230][564,229][564,229][564,229][563,229][562,229][561,229][560,229][560,229][559,229][558,228][558,227][558,227][558,226][558,225][558,224][558,223][558,223][557,222][557,221][556,221][556,220][556,220][556,219][555,219][554,219][554,219][553,219][553,218][552,218][552,218][552,219][551,219][551,219][551,220][550,220][549,220][549,221][548,221][548,222][548,223][548,223][547,223][546,223][545,223][545,223][544,223][544,224][544,225][544,226][544,227][544,227][545,227][545,228][546,228][546,229][547,229][547,230][548,230][548,231][548,231][549,231][549,231][549,232][549,233][548,233][548,233][547,233][546,233][545,233][544,233][544,232][544,231][543,231][543,231][542,231][542,230][541,230][540,230][540,230][540,229][539,229][538,229][537,229][537,228][536,228][536,228][535,228][534,228][533,228][532,228][532,228][531,228][531,229][530,229][529,229][528,229][528,229][528,230][527,230][526,230][526,231][526,231][526,232][526,233][526,234][526,235][527,235][528,235][528,236][528,236][529,237][530,237][531,237][532,237][532,237][532,238][532,239][532,239][532,240][532,241][533,241][533,242][533,243][533,243][533,244][533,245][533,246][533,247][533,247][533,248][533,249][532,249][532,250][532,251][532,251][532,251][532,252][531,252][531,253][530,253][530,252][530,251][529,251][529,251][529,250][529,249][529,248][529,247][529,247][528,247][528,246][528,246][527,246][526,246][525,246][524,246][524,246][523,246][522,246][521,246][520,246][520,246][519,246][518,246][517,246][517,245][516,245][516,245][516,244][515,244][515,243][515,243][515,242][515,241][514,241][515,241][516,241][516,241][516,240][516,239][517,239][517,239][518,239][518,238][518,237][518,236][518,235][518,235][519,234][520,233][520,233][520,232][521,232][521,231][521,231][521,230][521,229][521,228][521,227][520,227][520,227][520,227][519,227][519,226][518,226][518,225][517,225][517,224][516,224][516,224][515,223][514,223][513,223][512,223][512,223][512,224][512,225][512,226][512,227][512,227][512,228][512,229][512,230][511,230][510,230][510,231][509,231][508,231][508,231][508,231][507,231][507,232][506,232][505,232][505,233][504,233][504,234][504,234][504,235][503,235][503,235][503,236][503,237][503,238][503,239][504,239][504,239][503,239][502,239][502,240][502,241][502,242][501,242][501,243][501,243][501,244][501,245][502,245][502,246][503,246][503,247][503,247][502,247][501,247][500,247][500,248][500,248][500,249][500,250][500,251][499,251][498,251][497,251][497,251][496,252][496,253][496,254][496,255][496,255][496,256][496,257][496,258][496,259][496,259][496,260][496,261][496,262][496,263][496,263][496,263][497,264][498,265][499,265][499,266][500,266][500,266][500,267][500,267][501,267][501,268][502,268][502,269][502,270][503,271][503,271][504,271][504,271][505,271][506,271][506,271][507,271][508,271][508,271][509,271][510,271][511,271][512,271][512,271][512,271][512,272][512,273][512,274][512,275][512,275][512,276][512,276][512,277][511,277][510,277][509,277][508,277][508,277][507,277][506,277][505,277][505,278][504,278][504,279][504,279][504,280][504,281][504,281][503,281][502,281][501,281][500,281][500,281][500,282][499,282][499,283][499,283][498,283][498,284][497,284][497,285][496,285][496,285][496,286][496,287][495,287][495,287][494,287][494,288][493,288][492,288][492,288][491,288][490,288][489,288][489,287][488,287][488,287][488,287][488,286][488,285][487,285][486,284][485,284][484,284][484,284][483,284][482,284][482,283][482,283][482,282][483,282][484,282][484,282][484,281][485,281][486,281][487,281][488,281][488,281][488,280][488,279][488,279][488,278][488,277][488,276][488,275][488,275][489,275][490,275][490,274][490,273][490,272][490,271][490,271][490,270][490,269][490,268][490,267][490,267][489,267][489,266][489,265][488,265][488,264][488,264][488,263][487,263][487,263][486,263][486,262][486,261][486,260][486,259][486,259][486,258][485,258][485,257][484,257][484,257][484,256][483,256][483,255][483,255][483,254][483,253][483,252][483,251][483,251][483,250][483,249][483,248][483,247][484,247][484,247][485,247][485,246][486,246][487,246][487,245][487,244][487,243][488,243][488,243][488,242][488,241][488,241][488,240][488,239][488,239][488,238][488,237][488,236][488,235][488,235][488,235][488,234][487,234][487,233][486,233][486,232][486,231][486,231][486,230][485,229][485,228][484,228][484,227][483,227][482,227][481,227][480,227][480,227][480,226][479,226][478,226][478,225][477,225][476,226][476,226][476,225][476,224][476,224][477,224][477,223][478,223][479,223][479,223][480,223][480,223][481,223][482,223][483,223][484,223][484,223][484,222][484,221][485,221][485,220][486,220][487,220][487,219][488,219][488,219][488,219][489,219][490,219][491,219][491,218][492,218][492,217][492,217][492,216][492,215][492,215][493,214][493,213][492,213][492,212][492,212][491,212][490,212][489,212][488,212][488,212][487,212][486,212][485,212][484,212][484,212][483,212][482,212][481,212][480,212][480,212][479,212][478,212][477,212][476,212][476,211][476,211][476,211][476,210][476,209][475,209][475,208][475,207][475,207][475,206][476,206][476,205][477,205][478,204][479,204][480,204][480,204][481,204][482,204][483,204][483,205][484,205][484,205][484,206][485,206][485,207][486,207][487,207][487,206][487,205][487,204][488,204][488,203][488,203][488,202][488,201][488,200][488,199][488,199][488,198][488,198][488,197][489,197][490,196][490,195][490,195][489,195][489,194][489,193][489,192][490,192][491,192][491,191][492,191][492,191][493,191][494,191][495,191][496,191][496,190][496,189][496,189][496,188][496,187][496,187][496,186][497,186][497,185][497,184][497,183][497,183][497,182][496,182][496,181][496,181][496,180][495,180][494,180][493,180][492,180][492,179][492,179][491,179][490,180][490,181][490,182][490,183][490,183][490,184][489,185][488,186][488,187][488,187][488,187][488,188][487,188][486,188][485,188][484,188][484,188][483,188][483,189][482,189][482,190][482,191][481,191][481,191][481,192][481,193][481,194][480,194][480,194][479,194][478,194][478,193][477,193][476,193][476,193][475,193][474,193][473,193][473,192][472,192][472,192][471,192][470,192][470,191][469,191][469,191][469,190][469,189][469,188][468,188][468,187][469,187][469,186][468,186][468,185][468,184][468,184][467,184][466,184][465,184][464,184][464,184][464,185][463,185][462,185][462,186][461,186][460,186][460,185][460,184][460,183][460,183][460,183][459,183][459,182][458,182][457,182][456,182][456,182][455,182][455,183][455,183][454,183][454,184][453,184][453,185][453,186][453,187][453,187][453,188][453,189][453,190][453,191][454,191][454,191][455,191][456,191][456,191][457,191][458,191][459,191][460,191][460,191][460,192][460,193][460,193][460,194][459,194][458,194][458,195][457,195][457,195][456,195][456,195][455,195][454,195][454,196][453,197][453,198][453,199][453,199][453,200][452,200][452,201][452,202][452,202][452,203][452,203][452,204][451,204][451,205][451,206][451,207][450,207][449,207][449,207][448,207][448,207][447,207][446,207][446,208][446,209][445,209][445,210][445,211][444,211][444,211][444,211][443,211][442,211][441,211][440,211][440,211][440,211][440,210][439,210][439,209][438,209][437,209][436,209][436,210][436,210][436,211][435,211][435,211][434,211][433,211][433,211][433,210][433,209][433,208][433,207][433,207][432,207][432,206][432,206][432,205][431,205][430,205][429,205][428,205][428,204][428,205][428,206][428,207][428,207][428,208][428,209][427,209][426,209][425,209][425,210][425,211][425,211][425,212][425,213][425,212][425,211][424,211][424,211][424,210][424,209][424,208][424,207][424,207][424,206][424,205][424,204][424,204][424,203][424,203][424,202][423,202][423,201][423,200][423,199][422,199][421,199][421,199][421,198][420,198][420,198][419,198][418,198][417,198][417,199][416,199][416,199][416,200][416,200][416,201][416,202][416,203][416,203][416,204][416,204][416,205][416,206][417,207][417,207][418,207][418,208][418,209][419,210][419,211][419,211][419,212][419,213][419,214][419,215][418,215][417,216][416,217][416,217][415,217][414,217][413,217][412,217][412,217][411,217][410,217][409,217][408,217][408,216][408,216][408,215][407,215][407,215][407,214][406,214][406,213][405,213][404,213][404,212][404,212][403,212][403,211][402,211][401,211][401,211][401,210][400,210][400,209][400,208][401,208][402,208][402,207][402,207][402,206][402,205][402,204][402,203][401,203][400,203][400,202][400,202][400,201][399,200][399,199][399,199][399,198][398,198][398,197][398,196][397,196][397,195][397,195][397,194][396,194][396,193][396,193][396,192][395,192][395,191][394,191][393,191][392,191][392,191][392,191][391,191][391,190][390,190][390,189][389,189][388,189][388,188][387,188][386,188][385,188][385,189][384,189][384,190][384,191][384,191][384,191][383,191][383,192][382,192][381,192][380,192][380,192][380,193][379,193][378,193][377,193][377,194][376,194][376,194][376,195][376,195][376,196][376,197][376,198][376,198][377,198][377,199][378,199][379,199][379,199][380,199][380,200][380,201][380,201][381,201][381,202][381,203][381,203][381,204][380,204][380,205][380,206][380,207][380,207][380,208][381,208][381,209][382,209][382,210][383,210][384,210][384,211][384,211][384,212][384,213][384,214][384,215][384,215][384,215][384,216][384,217][385,217][385,218][385,219][385,219][385,220][385,221][385,222][385,223][384,223][384,224][384,224][384,225][383,225][383,226][382,226][381,226][380,226][380,226][379,226][378,226][378,225][378,224][378,223][378,223][378,222][378,221][377,220][376,220][376,219][376,219][375,219][375,218][375,217][375,216][375,215][375,215][375,214][376,214][376,213][376,212][376,211][376,211][376,210][376,209][375,209][375,208][374,208][373,208][373,207][372,207][372,207][371,207][370,207][370,207][369,207][368,207][368,207][367,207][366,207][365,207][364,207][364,207][363,207][362,207][362,207][361,207][361,208][361,209][361,210][361,211][361,211][361,212][362,212][362,213][363,213][363,214][363,215][363,215][363,216][362,216][361,216][360,216][360,216][359,216][358,216][358,215][357,215][356,215][356,215][355,215][354,215][353,215][352,215][352,215][352,216][352,217][352,218][352,219][352,219][352,220][352,221][352,222][352,222][352,223][352,223][351,223][351,224][351,225][350,225][350,226][350,227][350,227][349,227][348,227][348,227][348,227][347,227][347,226][347,225][347,224][346,223][346,224][346,225][346,226][346,227][346,227][346,228][346,229][346,230][346,231][346,231][345,231][345,232][344,232][344,233][343,233][342,234][341,234][341,235][341,235][340,235][340,236][340,237][340,238][340,239][340,239][339,239][339,238][338,238][338,237][337,237][336,237][336,236][336,235][336,235][336,234][336,233][336,232][336,231][336,231][336,231][335,231][335,230][334,230][333,230][333,229][333,228][332,228][332,227][332,227][332,226][332,225][332,224][332,223][332,223][332,222][332,222][331,222][330,222][330,223][329,223][329,223][328,223][328,224][327,224][327,225][326,225][326,226][325,226][325,227][325,227][325,228][325,229][325,230][325,231][325,231][325,232][326,233][326,234][326,235][327,235][327,235][327,236][327,237][326,237][325,237][324,237][324,237][323,237][322,237][322,236][321,236][320,236][320,236][320,237][319,237][319,238][319,239][318,239][318,239][318,240][318,241][318,242][318,243][317,243][317,243][317,244][316,244][316,245][315,245][315,246][314,246][313,246][313,247][312,247][312,247][312,247][311,247][310,247][310,248][309,248][308,248][308,248][307,248][306,248][306,249][305,249][305,250][304,250][304,251][304,251][304,251][303,251][303,252][303,253][302,253][302,254][301,254][300,254][300,254][299,254][298,254][297,254][296,254][296,255][296,255][296,255][296,256][296,257][296,258][296,259][296,259][296,260][296,261][296,262][296,263][296,263][295,263][295,264][294,264][293,264][292,264][292,264][291,265][290,265][289,265][288,265][288,266][288,266][288,267][287,267][286,267][285,268][284,269][284,269][284,270][283,270][282,270][281,271][280,271][280,272][280,272][280,273][279,273][279,274][279,275][279,275][278,275][278,276][278,277][277,277][276,277][276,278][276,278][276,279][275,279][275,279][274,279][273,279][273,280][272,281][272,282][272,283][272,283][272,283][272,284][272,285][271,286][271,287][270,287][270,287][269,287][269,288][268,288][268,288][268,289][267,289][266,289][266,290][265,290][265,291][264,291][264,291][264,292][264,292][264,293][263,293][263,294][262,294][262,295][261,295][261,295][260,295][260,296][259,296][258,296][257,296][256,296][256,296][256,297][255,297][254,297][254,298][253,298][252,299][252,299][252,299][251,299][251,300][250,300][250,301][249,301][248,301][248,302][248,302][248,303][247,303][247,304][246,304][246,305][245,305][245,306][245,307][245,307][244,307][244,308][244,309][244,310][243,310][243,311][242,311][241,311][241,311][240,311][240,311][239,311][239,312][238,312][238,313][237,313][237,314][236,314][236,315][236,315][235,315][234,316][233,316][233,317][232,317][232,317][231,317][230,317][229,317][228,317][228,316][228,316][227,316][226,316][225,316][224,316][224,316][223,316][222,316][221,316][220,316][220,315][220,315][219,315][218,315][217,315][216,315][216,315][215,315][214,315][213,316][213,317][212,317][212,318][212,319][212,319][212,319][212,320][211,320][210,320][209,320][208,320][208,320][207,320][206,320][205,320][204,320][204,320][203,320][202,320][201,320][200,320][200,320][200,321][200,322][199,322][199,323][199,323][199,324][199,325][199,326][200,326][200,327][200,327][200,327][200,328][201,329][201,330][201,331][201,331][202,331][202,332][202,333][202,334][203,334][204,334][204,335][204,335][204,335][205,335][206,335][207,335][208,335][208,335][209,335][210,335][211,335][212,335][212,336][212,336][212,337][213,338][214,339][214,339][215,339][216,339][216,340][216,340][216,341][217,341][217,342][217,343][217,343][217,344][217,345][217,346][216,346][216,346][216,347][215,347][215,347][214,347][214,348][213,348][212,348][212,348][212,347][211,347][211,347][210,347][210,346][209,346][209,345][209,344][209,343][208,343][208,343][207,343][206,343][205,343][205,343][204,343][204,342][204,342][203,342][202,342][201,342][200,342][200,342][199,342][198,342][197,342][197,343][197,343][198,343][198,344][199,345][200,345][200,346][201,346][201,347][202,347][203,347][204,347][204,347][204,348][204,349][204,350][203,350][203,351][202,351][202,351][201,351][200,351][200,351][199,351][198,351][197,351][197,352][197,353][197,354][197,355][197,355][197,356][197,357][197,358][197,359][197,359][196,359][196,360][196,360][196,361][196,362][195,362][195,363][195,363][194,363][194,364][194,365][194,366][194,367][195,367][195,367][196,367][196,368][196,369][196,370][196,371][196,371][196,372][195,372][195,373][195,374][194,374][194,375][194,375][194,376][194,377][194,378][194,379][195,379][195,379][196,380][196,381][196,382][196,383][196,383][196,383][196,384][197,384][197,385][197,386][198,386][198,387][198,387][198,388][198,389][198,390][198,391][198,391][197,391][197,392][197,393][197,394][196,394][196,395][196,395][196,395][196,396][196,397][196,398][196,399][196,399][197,399][197,400][198,400][198,401][199,401][199,402][200,402][200,403][200,403][200,403][200,404][200,405][200,406][200,407][200,407][200,407][202,405][202,406][203,406][203,407][203,407][204,407][204,408][204,409][204,410][204,411][204,411][204,412][204,413][204,414][204,415][204,415][203,415][203,416][202,417][202,418][202,419][201,419][200,419][200,419][199,419][198,419][197,419][197,419][197,420][197,421][197,422][197,423][197,423][197,424][197,425][197,426][196,426][196,427][196,427][196,427][195,427][194,427][194,428][194,429][194,430][193,430][193,431][193,431][192,431][192,431][192,432][191,432][191,433][191,434][191,435][191,435][191,436][192,436][192,436][193,436][194,436][195,436][196,435][196,435][196,435][196,434][197,434][198,434][199,434][200,435][200,435][200,435][200,436][200,437][201,437][201,438][201,439][201,439][201,440][200,440][200,441][200,442][200,443][200,443][200,444][200,444][199,444][199,445][198,445][198,446][197,446][197,447][196,447][196,447][196,447][196,448][196,449][196,450][196,451][196,451][196,452][196,453][196,454][196,455][196,455][196,456][196,457][196,458][196,459][196,459][196,460][195,460][195,461][194,461][194,462][193,462][193,463][194,463][194,463][195,463][196,463][196,464][196,465][196,466][196,467][196,467][196,468][196,469][196,470][196,471][196,471][196,472][196,472][196,473][196,474][196,475][196,475][196,476][196,477][196,478][196,479][196,479]
cr
[444,295][443,295][442,295][442,294][441,294][441,293][440,293][440,292][440,291][440,291][440,291][440,290][440,289][440,288][440,288][440,287][440,287][440,286][440,285][440,284][440,283][440,283][440,283][439,282][438,281][437,280][436,280][436,279][436,279][435,279][435,279][434,279][434,278][433,277][433,276][432,276][432,275][432,275][432,275][431,275][431,274][430,274][430,273][429,272][428,272][428,271][428,271][428,271][428,270][428,269][427,269][426,269][425,268][424,268][424,267][424,267][423,267][422,267][422,267][421,267][420,267][420,267][420,266][419,266][418,266][418,265][417,265][416,264][416,263][415,263][415,262][416,262][416,261][417,261][418,261][418,260][419,260][420,260][420,260][421,260][421,261][422,261][422,262][423,263][423,263][424,263][424,264][424,264][425,264][426,264][427,264][428,264][428,263][429,263][430,263][430,263][430,262][431,262][431,261][431,260][432,260][432,260][432,259][432,259][433,259][434,259][435,259][435,258][435,257][435,256][435,255][436,255][436,255][436,255][437,255][438,255][439,255][440,255][440,255][441,256][441,257][442,258][442,259][443,259][443,259][444,259][444,260][444,260][444,261][445,261][446,262][447,262][447,263][447,263][447,264][448,264][448,265][448,266][448,267][449,267][449,268][450,268][450,269][451,269][451,270][452,270][452,270][452,271][453,271][454,271][455,271][456,271][456,271][456,272][457,272][458,273][458,274][459,274][459,275][460,275][460,275][461,275][461,276][462,276][463,276][464,276][464,277][464,277][464,278][464,279][464,279][464,280][464,281][464,281][463,281][462,281][461,282][460,282][460,282][459,282][458,282][457,282][457,283][456,283][456,283][456,283][455,283][455,284][454,284][454,285][453,285][453,286][453,287][453,287][453,288][453,289][454,289][454,290][454,291][454,291][454,292][455,292][455,293][455,294][455,295][456,295][456,295][457,295][457,296][458,296][459,296][460,296][460,297][460,297][461,297][462,297][462,298][463,298][463,299][463,299][463,300][464,300][464,301][464,302][464,303][464,303][464,304][464,304][464,305][464,306][464,307][464,307][464,307][463,308][462,308][461,308][460,308][460,308][459,308][458,308][458,307][457,307][457,307][456,307][456,306][455,305][454,305][454,304][454,303][453,303][453,303]
cr
[349,180][350,180][351,180][352,180][352,180][353,180][354,180][355,180][356,180][356,180][356,179][357,179][357,179][358,179][358,178][358,177][358,176][358,175][358,175][357,175][356,175][356,175][355,175][354,175][354,175][353,175][352,175][352,175]
cr
[350,162][351,163][352,163][352,163][353,163][354,163][355,163][356,163][356,163][357,163][358,163][359,163][360,163][360,162][360,161][360,161][360,160][361,160][361,159][361,159][361,158][362,158][362,157][362,156][362,155][362,155][362,154][361,154][360,154][360,153][360,153][359,153][358,153][357,153][356,153][356,152][356,152][355,152][354,152][354,153][353,153][353,154][352,154][352,154][352,155][351,155][351,155][350,155][350,156]
cr
[482,167][483,167][483,167][484,167][484,167][485,167][486,167][487,167][488,167][488,167][488,167][488,166][489,166][489,165][490,165][490,164][490,163][491,163][491,162][492,162][492,161][492,160][492,159][492,159][492,158][492,158][492,157][485,155][484,155][484,155][483,155][482,155][481,155][480,155][480,156][480,156][480,157][479,157][479,158][479,159][479,159][479,160][479,161][479,162][480,163][480,163][480,163][481,163][481,164][481,165][481,166][480,166]
cr
[436,199][437,199][437,199][438,199][438,198][439,198][440,198][440,197][440,197][440,196][440,195][440,195][439,195][438,194][437,194][437,193][436,193][436,193][436,192][436,191][436,191][435,191][434,191][433,191][432,191][432,191][432,191][432,192][431,192][431,193][431,194][431,195][431,195][432,195][432,196][431,196][430,197]
cr
[532,331][532,331][533,331][534,331][535,331][536,331][536,331][537,331][538,331][539,331][540,331][540,331][540,331][541,332][542,333][543,333][544,334][544,334][545,334][546,334][546,333][547,333][547,332][548,332][548,332][549,332][550,332][551,332][552,332][552,332][553,332][553,331][554,331][555,331][556,331][556,331][557,331][558,331][559,331][560,331][560,331][561,331][561,331][562,331][563,331][564,331][564,330][564,329][564,328][564,327][564,327][564,326][564,325][564,324][563,324][562,324][562,323][561,323][561,323][560,323][560,323][560,322][559,322][558,322][557,322][556,322][556,323][556,323][555,323][554,323][553,323][552,323][552,322][552,321][551,321][551,320][550,320][549,319][548,319][548,319][548,319][547,319][547,318][546,318][545,318][544,318][544,319][544,319][544,319][543,319][543,320][543,321][542,321][542,322][541,322][541,323][540,323][540,323][540,323][539,323][538,323][538,324][537,324][536,324][536,324][535,324][534,324][533,324][532,324][532,323][532,323][532,323][531,323][531,322][531,321][531,320][530,320][530,319][529,319][528,319][528,319][527,319][526,319][525,319][524,319][524,320][524,320][524,321][524,322][524,323][524,323][524,324][524,325][524,326][524,327][524,327][524,327][524,328][525,329][525,330][526,330]
cr
[459,255][460,254][460,253][460,252][460,252][461,252][461,251][462,251][462,251][462,250][462,249][462,248][462,247][462,247][462,246][463,246][463,245][464,245][464,245][465,245][466,245][466,244][466,243][466,243][466,242][465,242][464,241][464,241][463,241][463,240][462,240][461,240][461,239][461,239][461,238][461,237][461,236][461,235][462,235][462,235][463,235][464,235][464,235][464,234][465,234][466,234][466,233][466,232][466,231][466,231][467,231][467,230][467,229][467,228][467,227][467,227][467,226][467,225][467,224][466,224][466,223][462,223][461,223][460,223][460,223][460,223][459,223][459,224][458,224][457,224][457,225][456,225][456,226][456,227][456,227][456,227][456,228][456,229][455,229][455,230][455,231][454,231][453,231][452,231][452,232][452,232][451,232][451,233][450,233][450,234][449,235][448,235][448,235][448,235][447,235][446,235][446,236][447,236][447,237][447,238][448,238][448,239][448,239][448,239][449,239][449,240][450,240][450,241][451,241][451,242][451,243][452,243][452,243][453,243][454,243][455,243][456,243][456,243][456,244][457,244][457,245][457,246][457,247][457,247][457,248][456,248][456,248][456,249][455,249][455,250][454,250][454,251][453,251][452,251][452,251][452,252][451,252][451,253][451,254][451,255][451,255][451,256][451,257][451,258][452,258][452,259][453,259][453,259][454,259][455,259][456,259][456,259][456,259]
cr
[504,187][504,187][504,186][504,185][504,184][505,184][505,183][506,183][506,183][507,183][508,183][508,182][508,182][509,182][510,182][511,182][512,182][512,182][513,182][514,183][515,183][516,183][516,183][516,183][517,183][517,184][518,184][518,185][518,186][519,186][519,187][519,187][519,188][519,189][518,190][518,191][517,191][516,191][516,191][516,191][516,192][515,192][514,192][514,193][514,194][513,194][512,194][512,194][511,194][510,194][509,194][508,194][508,194]
cr
[516,199][516,200][516,201][516,202][516,203][516,203][515,203][514,203][513,203][512,203][512,203][511,203][510,203][509,203][508,203][508,203][507,203][506,203][506,204][506,205][506,206][506,207][506,207][506,208][507,208][507,209][508,209][508,210][508,211][508,211][508,211][508,212][508,213][508,214][508,215][509,215][510,215][511,215][512,215][512,215][513,215][513,215][514,215][514,216][515,216][516,217][516,217][517,217][518,217][518,218][519,218][519,219][520,219][520,220][521,221][522,222][523,222][524,222][524,221][524,220][524,219][524,219][524,218][524,217][524,216][523,216][524,216][524,216][525,216][526,217][526,218][527,218][527,219][528,219][528,219][528,220][528,220][529,220][530,220][530,219][531,219][531,219][532,219][532,218][532,217][532,216][532,215][532,215][532,214][532,213][532,212][532,211][532,211][532,210][532,209][532,209][532,208][533,208][534,208][534,207][535,207][536,207][536,207][536,207][536,206][536,205][536,204][536,203][536,203][536,202][537,201][537,200][537,199][538,199][538,199][539,198][539,197][540,197][540,196][540,195][540,195][541,195][541,194][542,194][542,193][543,193][544,193][544,194][544,195][544,195][544,195][544,196][545,197][545,198][545,199][546,199][546,199][546,200][546,201][546,202][545,202][545,203][545,203][545,204][545,205][546,205][546,206][547,206][547,207][548,207][548,207][549,207][549,206][550,206][550,205][550,204][551,204][551,203][552,203][552,203][552,202][552,201][552,200][552,200][553,200][554,200][555,200][555,201][556,201][556,202][557,202][558,202][558,203][559,203][560,203][560,203][561,203][562,203][562,202][562,201][563,201][563,200][564,200][564,200][564,199][565,199][566,199][567,199][568,199][568,199][568,200][568,201][569,202][570,202][570,203][571,203][572,203][572,203][572,203][573,203][574,203][575,203][575,204][576,204][576,204][577,204][578,204][579,204][579,205][580,205][580,206][580,206][580,207][580,207][580,208][581,208][582,208][583,208][584,208][584,208][585,208][586,208][586,207][587,207][587,207][587,206][587,205][587,204][587,203][587,203][587,202][587,201][587,200][587,199][586,199][586,199][585,199][584,198][584,198][584,197][583,197][582,197][582,196][581,196][580,196][580,195][580,195][580,195][580,194][580,193][580,192][580,191][580,191][580,190][580,189][580,188][581,188][582,187][582,187][582,186][582,185][582,184][581,184][580,183][580,183][580,183][579,183][578,183][577,183][576,183][576,183][576,182][575,182][575,181][575,182][574,182][574,181][573,181][573,180][573,179][572,179][572,179][572,179][572,178][571,177][570,177][569,177][569,176][568,176][568,176][567,176][566,176][565,176][565,177][565,178][565,179][565,179][565,180][564,180][564,180][564,181][563,181][562,181][562,182][561,182][560,182][560,182][559,182][558,182][557,182][556,182][556,182][555,182][554,182][553,182][552,182][552,182][551,182][550,182][549,182][549,181][549,180][548,180][548,179][548,179][548,179][547,179][547,178][546,178][546,179][546,179][545,179][545,180][545,181][545,182][544,182][544,182][544,183][543,183][542,183][541,183][540,183][540,183][539,183][538,183][538,182][538,181][538,180][538,179][538,179][538,178][538,177][538,176][538,175][538,175][538,174][539,174][539,173][540,173][540,173][541,172][542,172][542,171][543,171][543,171][544,171][544,171][545,171][545,170][546,170][547,170][547,169][547,168][547,167][547,167][547,166][547,165][547,164][547,163][547,163][547,162][547,161][547,160][547,159][547,159][547,158][547,157][546,157][545,157][544,156][544,156][543,156][542,156][542,157][542,158][541,158][540,159][540,159][539,159][539,159][538,159][537,159][537,160][536,160][536,160][535,160][534,160][533,160][532,160][532,160][531,160][530,160][530,161][529,161][529,162][528,162][528,163][528,163][528,164][528,165][528,166][528,167][528,167][528,167][528,168][528,169][527,169][527,170][526,171][526,171][525,171][524,171][524,171][524,171][523,171][522,171][521,171][521,171][521,172][521,173][521,174][522,175][523,175][523,175][524,175][524,175][525,175][526,175][527,176][528,176][528,176][529,176][529,177][529,178][530,178][530,179][530,179][530,180][530,181][530,182][531,182][531,183][531,183][531,184][531,185][531,186][531,187][530,187][530,187][529,187][528,187][528,188][528,188][528,189][527,189][527,190][527,191][527,191][527,192][528,192][528,193][528,194][528,194][528,195][528,195][528,196][528,196][527,196][527,195][526,195][525,195][524,195][524,195][524,196][524,197][525,197][525,198]
cr
[105,81][105,80][106,80][106,79][106,79][107,79][107,78][108,78][108,77][108,77][108,76][109,75][109,75][109,74][109,73][108,73][108,73][107,73][106,73][106,72][105,72][104,72][104,72][103,72][102,72][101,72][100,72][100,73][100,74][100,74][100,75][100,75][100,76][100,77][100,78]
cr
[121,60][122,60][123,60][124,60][124,60][125,60][125,61][126,61][127,61][128,61][128,60][128,60][128,59][128,59][129,59][129,58][130,58][130,57][130,56][130,55][130,55][130,54][130,53][130,52][129,52][129,51][128,51][128,51][127,51][126,51][125,51][124,51][124,51][124,51][124,52][123,53][122,53][122,54][121,54][120,54][120,54][119,55][118,55][117,55][116,55][116,55][115,55][115,55][115,56][115,57][115,58][115,59][115,59][115,60][115,61][115,62][115,63][116,63][116,63]
cr
[126,37][127,37][127,36][127,35][128,35][128,35][128,35][128,34][128,33][128,32][128,31][128,31][128,30][128,30][127,30][126,30][125,30][124,30][124,30][123,30][123,31][122,31][122,31][121,31][121,32][121,33][121,34][121,35][121,35][121,36][122,37][123,37]
cr
[108,17][109,17][110,17][110,16][111,16][112,16][112,15][112,15][113,15][113,15][113,14][114,14][114,13][115,12][115,11][115,11][115,10][114,10][114,9][113,9][113,8][112,8][112,8][111,8][111,7][110,7][109,7][109,7][108,7][108,7][108,7][107,7][107,8][106,8][106,9][105,9][104,10][104,10][104,11][103,11][103,11][103,12][103,13][103,14][103,15][103,15][103,16][103,17][103,18][104,18][104,19][104,19][105,19][105,19][106,19][107,19][108,19][108,19][109,19]
cr
[53,48][54,48][55,48][55,47][56,47][56,47][56,46][56,46][56,46][56,45][56,45][56,44][56,43][56,43][56,43][56,43][55,43][55,42][54,42][53,42][52,42][52,42][51,42][50,42][49,42][48,42][48,43][48,43][48,43][48,44][48,45][48,46][48,47][48,47][48,48][48,49][48,49][48,50][48,51][48,51][48,52][48,53][48,54][48,55][48,55]
cr
[110,167][111,167][112,167][112,166][113,166][114,166][115,166][115,165][116,165][116,165][117,164][117,163][118,163][118,163][118,162][118,161][118,160][118,159][118,159][117,159][116,159][116,158][116,158][116,157][115,157][114,157][113,157][112,156][111,156][110,156][109,156][108,156][108,156][108,157][108,158][107,158][107,159][107,159][107,160][107,161][106,161]
cr
[184,238][185,238][186,238][187,238][188,238][188,238][189,238][189,237][189,236][189,235][189,235][189,234][189,233][188,233][188,232][188,232][187,231][186,231][185,231][184,231][184,231][183,231][183,232][183,233][182,233][182,234][182,235][182,235][182,236]
cr
[183,275][183,275][184,275][184,274][184,273][184,272][184,272][184,271][184,271][184,270][185,269][185,268][185,267][185,267][185,266][185,265][185,264][184,264][184,263][184,263][184,263][183,263][183,262][182,262][182,261][181,260][180,260][180,261][180,261][180,262][180,263][180,263][179,263][179,264][179,265][179,266][179,267][179,267][178,268][177,268][176,268][176,269][176,269][175,270][174,271][173,271][172,271][172,270][172,269][172,268][172,267][172,267][172,266][172,265][172,264][172,263][171,263][170,263][169,263][168,263][168,263][167,264][166,264][166,265][166,266][165,266][165,267][165,267][164,267][164,268][164,269][164,270][164,271][164,271][165,271][165,272][165,273][166,273][167,273][167,274][168,274][168,275][168,275][168,276][167,276][166,276][165,276][164,276][164,276][164,277][164,278][164,279][163,279][163,279][162,279][161,279][161,279][160,279][160,279][159,279][158,279][158,279][158,280][158,281][158,282][157,282][157,281][156,281][156,280][156,279][156,279][155,279][154,279][154,279][153,279][152,279][152,278][152,278][151,278][151,277][150,277][149,277][148,277][148,277][147,277][147,278][146,278][146,279][145,279][145,279][144,279][144,280][144,281][144,282][144,283][144,283][144,284][144,285][144,286][144,287][144,287][144,288][144,289][145,289][145,290][146,290][147,290][148,290][148,290][149,290][150,290][150,291][150,291][150,292][150,293][150,294][150,295][150,295][150,296][150,297][151,297][151,298][152,299][152,299][153,299][153,299][154,299][154,300][156,299][156,299][157,299][158,299][159,299][160,299][160,299][161,298][162,298][162,297][163,297][163,296][164,296][164,296][164,295][165,295][166,295][167,295][168,295][168,295][168,294][168,293][168,292][169,292][169,291][170,291][170,291][171,291][172,291][172,290][172,290][172,289][173,289][173,288][173,287][173,287][173,286][173,285][172,285][172,285][171,285][171,284][171,283][171,283][172,283][172,282][172,282][173,282][174,282][175,282][176,282][176,282][177,282][178,282][178,281][179,281][179,280][180,280][180,279]
cr
[160,316][160,315][160,315][160,314][160,313][160,312][160,311][160,311][160,310][160,310][160,309][159,309][159,308][158,308][158,307][157,307][157,307][156,307][156,307][155,307][154,307][153,307][152,307][152,307][152,307][151,307][150,308][149,308][148,308][148,308][148,309][147,309][147,310][146,310][146,311][146,311][146,312][146,313][146,314][146,315][146,315][146,316][146,317][146,318][146,319][146,319][147,319][148,319][148,319][148,320][149,320][150,320][150,321][151,321][152,322][152,323][152,323][152,324][152,324][153,325][154,325][155,325][155,324][156,324][156,323][156,323][156,323][156,322][156,321][156,320][156,320][155,320]
cr
[176,307][177,307][178,307][179,307][180,307][180,307][181,307][182,307][183,307][184,307][184,307][185,307][186,307][187,307][188,307][188,306][188,306][189,306][189,305][190,305][190,304][191,304][191,303][192,303][192,303][192,302][192,302][193,302][193,301][194,301][194,300][194,299][194,299][194,298][193,298][193,297][193,296][192,296][192,295][192,295][192,295][191,295][190,295][190,294][189,294][188,294][188,293][188,293][187,293][187,292][186,292][185,292][185,291][184,291][183,291][182,291][181,291][180,291][180,291][180,291][180,292][179,293][179,294][178,294][178,295][177,295][177,295][177,296][176,296][176,297][176,298][176,299][177,299][177,299][178,299][178,300][179,300][179,301][179,302][180,302][180,303][180,303][180,303][179,303][178,303][177,303][176,303][176,303][175,303][174,303][174,304][173,304][173,305]
cr
[268,258][268,257][268,257][269,257][269,256][269,255][269,255][269,254][269,253][269,252][269,251][268,251][268,251][267,251][266,251][266,252][266,253][265,253][265,254][265,255][265,255][264,255][264,256][264,256]
cr
[102,263][103,263][104,263][104,263][105,263][106,263][107,263][108,263][108,263][109,263][110,263][111,263][112,263][112,262][112,261][113,260][113,259][113,259][114,259][114,258][114,257][114,256][114,255][114,255][114,254][114,253][114,252][113,252][113,251][112,251][112,251][112,251][112,250][111,250][110,250][110,249][109,249][108,249][108,248][107,248][106,247][105,247][104,247][104,247][103,247][102,247][101,247][100,247][100,247][99,247][99,248][98,248][97,248][96,249][96,249][95,249][94,249][93,249][92,249][92,250][92,251][92,251][91,252][91,253][91,254][91,255][92,255][92,256][92,256][92,257][93,257][93,258][94,258][94,259][95,259][96,259][96,259][96,259][97,259][98,259][99,259][100,259][100,259]
cr
[132,246][133,246][134,247][135,247][136,248][136,248][136,249][137,249][138,250][139,250][140,250][140,249][140,249][140,248][141,248][141,247][141,247][141,246][141,245][142,245][143,245][143,244][144,244][144,244][144,243][145,243][145,243][145,242][145,241][145,240][145,239][145,239][144,238][144,238][144,237][143,237][142,236][142,235][141,235][140,235][140,235][140,234][140,233][140,233][140,232][140,231][139,231][139,231][139,230][139,229][139,226][138,226][138,225][137,225][137,224][136,224][136,224][136,223][135,223][134,223][133,223][133,224][132,225][132,226][132,227][132,227][132,227][132,228][132,229][132,230][132,231][132,231][132,232][132,233][132,234][132,235][132,235][132,236][131,236][131,237][130,237][130,238][129,238][129,239][129,239][128,239][128,240][128,241][128,241][128,242]
cr
[144,271][145,271][145,271][146,271][146,270][147,270][148,269][148,269][149,269][149,268][149,267][149,267][149,266][148,266][148,266][147,266][146,266][145,266][144,266][144,266][144,267][143,267][142,267][142,268][141,268][141,269][141,270][140,270][140,271][140,271][140,272][140,273][141,273][142,273][142,274][143,274][144,274][144,274][145,274][146,274]
cr
[120,290][121,290][122,290][123,290][124,290][124,290][125,290][126,290][127,290][128,290][128,290][129,289][130,289][130,288][131,288][131,287][131,287][132,287][132,286][132,285][132,284][132,283][131,283][130,283][129,283][128,283][128,283][127,283][126,283][125,283][124,283][124,283][123,284]
cr
[95,236][96,236][96,236][96,235][97,235][97,235][98,235][98,234][98,233][98,232][98,231][98,231][97,231][96,231][96,231][95,231][94,231][93,231][92,231][92,231][92,230][92,229][91,229][90,229][89,229][88,230][88,231][88,231][88,232][88,233][88,234][89,234][89,235][90,235][91,235][91,235]
cr
[97,48][98,48][99,48][100,48][100,48][100,47][101,47][101,47][101,46][100,43][100,42][99,42][98,42][97,42][96,42][96,43][96,43][96,44][96,44][96,45][96,46][95,46][95,47][95,47]
cr
[89,169][92,169][92,170][92,171][92,171][92,172][92,173][92,174][92,175][92,175][92,175][93,175][93,176][94,176][94,177][95,177][95,178][96,178][96,178][96,177][96,176][97,176][97,175][97,175][98,175][99,175][100,174][100,173][100,172][101,172][101,171][101,171][101,170][101,169][100,169][100,168][99,168][99,167][98,167][98,167][97,167][97,166][96,166][96,166][95,166][94,166][93,166][92,166]
cr
[127,183][127,183][128,183][128,183][129,183][129,182][130,182][130,181][131,181][131,180][131,179][132,179][132,179][132,178][132,177][132,177][132,176][132,175][132,175][132,174][132,173][132,172][132,172][129,169][128,169][128,169][127,169][126,169][125,169][124,169][124,169][123,169][123,170][123,171][123,171][123,172][123,173][123,174][123,175][124,175][124,175][124,175]
cr
[158,212][159,212][159,213][160,213][160,213][161,213][162,213][163,213][164,213][164,213][165,213][166,213][166,212][167,212][167,211][167,211][168,210][168,209][168,208][167,208][167,207][166,207][166,207][165,207][165,206][164,206][164,205][164,205][163,205][163,204][162,204][162,203][161,203][160,203][160,203][160,204][160,205][159,205][159,206][158,206][158,207]
cr
[92,203][92,203][93,203][93,204][94,204][95,204][96,204][96,204][97,203][98,203][98,203][99,203][99,202][99,201][99,200][99,199][100,199][100,198][99,198][98,198][97,198][97,197][96,197][96,196][96,196][96,195][95,195][94,195][93,195][92,195][92,195][91,195][91,196][90,196][90,197][89,197][89,198][88,198][88,199][88,199][88,200][88,201]
cr
[105,217][106,217][106,216][107,216][108,215][108,215][108,214][108,213][108,212][108,211][108,211][108,211][107,211][106,211][105,211][105,211][104,212][104,213][104,214][103,214][103,215][102,215][101,215][101,215][101,216][100,216][100,217][100,218]
cr
[118,213][119,213][120,213][120,212][121,212][121,211][122,211][122,211][122,210][122,209][122,208][122,207][122,207][121,207][120,207][120,206][120,206][119,206][119,205][118,205][117,205][116,205][116,204][115,204][114,204][114,205][114,206][113,206][113,207][113,207][113,208][113,209][113,210][114,210]
cr
[80,154][80,154][80,153][81,153][81,152][81,151][82,151][82,151][83,151][83,150][84,150][84,149][83,149][83,148][82,148][81,148][80,148][80,148][79,148][78,148][77,148][76,148][76,148][76,149][75,149][75,150][75,151][75,151][75,152][75,153][75,154][75,155][75,155]
cr
[64,23][64,23][65,23][65,23][66,23][67,23][67,22][68,22][68,21][68,19][68,18][67,17][66,17][65,17][65,16][64,16][64,16][64,17][63,17][63,18][63,19][63,19]
cr
[139,12][139,11][140,11][140,11][140,11][141,11][142,11][142,10][143,10][144,10][144,9][144,9][144,8][144,7][144,7][143,7][142,7][141,7][140,7][140,7][139,7][139,7][138,7][137,7][137,8][137,9][137,10][137,11]
cr
[75,69][76,69][76,69][77,69][78,69][79,70][80,70][80,70][81,70][82,70][82,69][83,69][83,68][83,67][84,67][84,67][84,66][84,65][84,64][85,64][85,63][86,63][86,63][87,63][88,62][88,61][88,60][87,60][87,59][86,59][85,59][84,59][84,59][84,59][83,59][82,59][81,59][80,58][80,58][79,58][78,59][78,59][78,60][77,60][77,61][77,62][77,63][77,63][77,64][76,64][76,64][76,65]
cr
[61,77][62,77][62,76][63,76][63,75][64,75][64,75][64,75][65,75][66,75][67,75][68,75][68,75][68,74][69,74][69,73][69,72][69,71][69,71][69,70][69,69][69,68][68,68][68,68][67,68][66,68][65,68][64,68][64,68][63,68][62,68][62,69][62,70][62,71]
cr
[148,217][148,217][148,216][148,215][148,215][148,214][148,213][148,212][148,211][148,211][148,211][148,210][147,210][146,210][145,210][144,210][144,210][143,210][143,211][143,211][143,212][143,213][143,214][143,215][143,215][143,216][143,217][143,218][143,219][143,219]
cr
[145,198][145,197][146,197][146,196][146,195][146,195][147,195][147,194][147,193][147,192][147,191][147,191][147,190][147,189][147,188][146,188][145,188][144,188][144,187][144,187][143,187][142,187][141,187][140,187][140,187][139,188][139,189][138,189][138,190][138,191][138,191][138,192][138,193][138,194][139,194][140,194][140,195][140,195]
cr
[156,180][156,180][156,179][157,179][157,179][158,179][158,178][159,178][160,178][160,178][160,177][161,177][161,176][161,175][161,175][161,174][161,173][161,172][160,172][160,171][160,171][160,170][160,169][160,168][160,168][159,168][158,168][157,168][157,169][157,170][157,171][157,171][157,172][157,173][156,173][156,173][155,173][154,173][153,173][152,173][152,173][152,174][151,174][151,175][151,175][151,176][151,177][151,178][151,179][151,179][152,180][152,181][152,182][152,183]
cr
[569,149][570,149][570,150][571,150][572,150][572,150][572,151][573,151][574,151][575,151][575,151][576,151][576,151][577,151][578,151][578,151][579,151][579,150][580,150][580,149][580,149][580,148][580,147][580,147][579,147][579,147][578,147][577,147][577,146][576,146][576,145][576,145][575,145][574,145][574,146][573,146][572,146][572,147]
pt
[1,316][12,311][24,307][36,302][36,302][51,295][73,286][89,279][106,270][109,277][113,277][116,272][114,268][124,263][137,257][137,256][159,247][173,240][184,231][189,229][199,229][216,223][235,214][252,207][236,207][229,207][201,221][184,223][178,227][175,231][169,236][140,247][132,252][123,255][114,259][110,262][103,265][94,269][78,277][59,283][32,295][21,301][0,309][0,310]
cr
[392,108][392,107][393,107][393,107][394,107][394,106][395,106][395,105][395,104][396,104][396,103][396,103][396,102][396,101][396,100][396,99][396,99][396,98][396,97][396,96][396,95][396,95][395,95][395,94][395,93][394,93][394,92][394,91][394,91][393,91][393,90][393,89][393,88][392,87][392,87][392,86][392,86][392,85][392,84][392,83][392,83][392,82][392,81][392,80][392,79][392,79][392,78][392,78][392,77][392,76][392,75][392,75][392,74][392,73][392,72][392,71][392,71][392,70][392,69][392,68][392,68][392,67][392,67][391,67][391,66][391,65][391,64][391,63][391,63][390,62][390,58][389,58][389,57][388,56][388,55][388,55][388,55][388,54][387,54][387,53][387,52][387,51][387,51][387,50][387,49][387,48][387,47][388,47][388,47][388,46][388,45][388,44][388,44][388,43][388,43][388,42][388,41][388,40][389,40][389,39][389,39][390,39][390,38][390,37][391,37][391,36][391,35][392,35][392,35][392,34][392,33][393,33][394,33][395,33][396,33][396,33][397,33][398,33][399,33][399,32][400,32][400,31][400,31][400,31][401,31][401,30][402,30][402,29][403,29][404,28][404,28][404,27][405,27][406,27][407,27][407,27][408,27][408,27][409,27][409,26][410,26][411,26][411,25][412,25][412,25][413,25][413,24][414,24][415,24][416,24][416,24][417,24][418,24][419,24][420,24][420,24][421,24][421,23][422,23][423,23][423,23][424,23][425,23][426,23][427,22][428,22][428,22][428,21][429,21][429,20][429,19][429,19][429,18][429,17][429,16][429,15][430,15][430,15][430,14][431,14][431,13][431,12][432,12][432,11][432,11][432,11][432,10][433,9][433,8][434,8][434,7][435,7][436,7][436,7][437,7][438,7][439,7][440,7][440,7][441,7][442,7][443,7][444,8][444,8][445,8][446,8][446,9][447,9][448,9][448,10][448,10][448,11][449,11][450,11][450,11][451,11][451,12][452,12][452,13][452,13][452,14][453,14][453,15][454,15][455,15][455,15][456,15][456,15][457,15][457,16][458,16][459,16][459,17][459,18][460,19][460,19][460,20][460,21][460,22][460,23][460,23][460,23][460,24][461,24][461,25][461,26][462,26][462,27][463,27][463,27][464,27][464,28][464,28][464,29][465,29][465,30][465,31][466,31][467,31][467,32][468,32][468,33][468,33][468,34][468,35][469,35][469,35][469,36][470,36][470,37][471,37][471,38][472,39][472,39][472,39][472,40][473,40][473,41][473,42][474,42][474,43][474,43][474,44][474,45][474,46][474,47][474,47][474,48][474,49][474,50][474,51][474,51][475,51][475,52][476,53][476,54][476,55][476,55][476,56][476,57][476,58][476,59][476,59][476,60][476,61][476,62][476,63][476,63][476,64][476,65][476,66][477,66][477,67][477,67][478,67][478,68][479,68][479,69][479,70][480,70][480,71][480,71][480,72][480,73][480,74][480,75][480,75][480,76][480,77][480,78][480,79][480,79][480,80][480,81][480,82][480,83][479,83][479,83][478,84][478,85][477,85][477,86][477,87][476,87][476,87][476,87][476,88][476,89][476,90][476,91][476,91][476,91][476,92][476,93][477,93][478,93][478,94][479,94][480,95][480,95][480,95][480,96][480,97][480,98][480,99][481,99][482,99][483,99][484,99][484,99][485,99][486,99][487,99][488,99][488,98][488,98][489,98][489,97][490,97][490,96][491,96][491,95][492,95][492,95][493,95][494,95][495,95][496,95][496,94][496,94][497,94][498,94][499,94][500,94][500,93][500,93][501,93][502,92][503,92][504,92][504,91][504,91][504,91][505,91][506,91][507,91][508,91][508,90][508,90][509,90][510,90][510,91][511,91][511,92][511,93][511,94][511,95][510,95][510,95][510,96][509,96][508,96][508,97][508,97][507,97][506,97][506,98][505,98][504,98][504,99][504,99][503,99][503,99][502,99][501,99][500,99][500,100][500,100][499,100][498,100][498,101][497,101][496,101][496,101][496,102][495,102][494,103][493,103][493,103][492,103][492,104][491,104][491,105][490,105][490,106][489,106][488,106][488,107][488,107][488,108][488,109][488,110][488,111][489,111][489,112][490,112][490,113][491,113][491,114][491,115][491,115][491,116][491,117][491,118][491,119][491,119][491,120][492,120][492,121][492,122][492,122][492,123][492,123][493,123][493,124][493,125][494,126][494,127][494,127][494,128][494,129][494,130][494,131][494,131][494,132][494,133][494,134][494,135][494,135][494,136][495,136][495,137][495,138][496,138][496,139][496,139][496,140][496,140][496,141][496,142][496,143][497,143][497,143][497,144][497,145][497,146][497,147][497,147][497,148][497,149][497,150][497,151][497,151][497,152][496,152][496,153][496,153][495,153][494,153][493,153][492,153][492,153][491,153][490,153][490,152][489,152][488,152][488,151][488,151][487,151][486,151][486,151][485,151][484,151][484,150][484,150][483,150][483,149][482,149][482,148][481,148][480,148][480,147][480,147][480,147][479,147][479,146][478,146][478,145][477,145][477,144][476,143][476,143][476,143][475,143][474,143][473,143][472,143][472,143][471,143][471,143][470,143][469,143][468,143][468,143][468,144][467,144][466,144][465,144][464,144][464,144][463,144][463,145][462,145][461,145][461,146][460,146][460,147][460,147][460,147][459,147][459,148][458,148][458,149][458,150][458,151][458,151][458,152][458,153][459,153][459,154][459,155][459,155][459,156][459,157][459,158][459,159][459,159][459,160][459,161][459,162][459,163][459,163][459,164][458,164][457,164][457,165][456,165][456,166][456,167][456,167][456,167][455,167][455,168][454,168][454,169][453,169][452,169][452,170][452,170][451,170][450,170][450,171][449,171][448,171][448,171][447,171][446,171][446,170][445,170][445,169][444,169][444,169][444,168][444,167][444,167][444,166][444,166][444,165][444,164][444,163][444,163][444,162][444,161][444,160][444,159][444,159][444,158][444,158][444,157][443,157][443,156][442,156][442,155][441,155][441,155][440,155][440,154][440,154][439,154][439,153][438,153][437,153][437,152][436,152][436,152][435,152][434,152][433,152][432,152][432,152][431,152][430,152][429,152][428,152][428,152][428,151][427,151][426,151][425,151][425,151][424,151][424,151][423,150][422,150][421,150][420,150][420,149][420,149][419,149][418,149][418,150][417,150][417,151][417,151][416,151][416,152][416,153][416,154][416,155][416,155][416,156][416,157][416,157][416,158][415,158][415,159][414,159][414,159][413,159][413,160][412,161][412,162][411,162][411,163][410,163][410,163][409,163][408,163][408,164][408,164][408,165][407,165][406,165][406,166][405,166][404,166][404,166][403,166][402,166][401,166][401,165][400,165][400,164][400,164][400,163][399,163][398,163][397,163][396,163][396,162][396,162][395,162][395,161][394,161][393,161][392,161][392,160][392,160][391,160][391,159][390,159][389,159][388,159][388,159][388,159][387,159][386,159][385,159][384,159][384,159][383,159][382,159][382,160][381,161][381,162][380,162][380,163][380,163][380,164][380,164][380,165][380,166][380,167][380,167][379,167][379,168][378,168][377,169][377,170][376,170][376,171][376,171][375,171][375,171][374,171][373,171][372,171][372,172][372,172][371,172][370,172][370,171][371,171][371,170][372,170][372,169][372,169][372,168][373,168][373,167][373,167][374,167][374,166][374,165][375,165][375,164][375,163][376,163][376,163][376,162][376,162][376,161][376,160][377,159][377,159][378,159][379,159][379,158][379,157][380,157][380,156][380,155][380,155][380,155][380,154][380,153][380,152][380,151][380,151][380,151][379,151][378,151][377,151][377,150][376,150][376,150][376,149][375,149][375,148][374,148][374,147][374,147][374,146][374,145][374,144][373,144][373,143][373,143][373,142][373,141][373,140][373,139][374,139][375,139][376,139][376,138][376,138][377,138][378,138][379,138][380,138][380,138][380,137][381,137][381,136][382,136][383,136][383,135][384,135][384,135][384,135][384,134][384,133][385,133][385,132][386,132][386,131][387,131][387,131][388,131][388,130][389,129][390,129][390,128][390,127][391,127][392,127][392,127][392,127][393,127][394,127][394,126][395,126][396,126][396,125][396,125][397,125][397,124][398,124][398,123][398,123][399,123][399,122][400,122][400,121][400,120][400,120][400,119]
pt
[640,39][628,45][605,51][592,55][588,57][587,57][581,61][576,64][576,64][575,64][575,65][570,68][565,71][561,63][576,52][595,47][612,41][626,37][640,31]
