26
pt
[201,479][202,479][202,478][203,478][204,478][204,477][204,477][205,477][206,477][206,476][207,476][208,476][208,475][209,475][210,475][211,475][211,475][212,475][212,475][213,474][214,474][215,474][216,474][216,473][216,473][217,473][218,472][219,472][220,471][220,471][221,471][221,471][222,471][223,471][224,471][224,471][224,470][225,470][226,470][227,470][227,469][228,469][228,469][228,468][229,468][235,463][220,464][185,479]
pt
[332,477][332,477][333,477][333,476][334,476][335,476][335,475][336,475][336,475][337,475][337,475][337,474][337,473][337,472][337,471][338,471][339,471][340,471][340,470][341,470][342,470][342,469][342,468][342,467][342,467][342,466][342,465][342,464][343,464][343,463][343,463][343,462][344,462][344,462][345,462][345,461][346,461][347,461][348,461][348,461][348,462][349,463][350,463][350,463][351,463][352,463][352,463][353,463][354,463][355,463][356,463][356,463][357,463][358,463][359,463][360,463][360,464][360,464][360,465][361,465][362,465][362,464][363,464][364,464][364,463][364,463][364,462][365,462][365,461][365,460][365,459][365,459][365,458][364,458][364,457][364,456][364,455][364,455][364,454][364,453][364,452][364,451][364,451][365,450][365,449][365,448][366,448][367,447][368,447][368,447][369,447][370,447][371,447][372,447][372,447][373,447][373,446][374,446][375,446][376,446][376,446][377,446][378,446][379,446][380,447][380,447][381,447][381,448][381,449][381,450][381,451][381,451][381,452][381,453][381,454][381,455][381,455][382,455][383,455][384,455][384,456][384,457][384,458][384,459][384,459][384,460][384,461][384,462][384,463][384,463][385,463][386,463][386,463][387,463][388,464][388,465][388,466][388,466][388,467][389,467][389,468][390,468][391,468][392,468][392,469][393,469][393,470][394,470][394,471][394,471][394,472][394,473][395,473][396,473][396,473][397,473][398,473][399,473][400,473][400,473][400,472][401,472][401,471][402,471][402,471][403,471][403,470][404,470][404,469][405,469][405,468][406,468][407,468][408,468][408,468][409,468][410,468][411,468][412,468][412,468][413,468][414,468][415,468][416,468][416,468][416,467][417,467][418,467][419,467][419,467][420,467][420,467][421,467][422,467][423,467][423,466][424,466][424,465][424,464][425,463][425,463][426,463][427,463][427,462][428,461][428,460][427,460][427,459][426,459][425,459][425,459][425,458][424,458][424,457][424,457][423,457][422,457][421,456][420,456][420,456][419,456][418,456][417,456][416,456][416,456][415,456][414,456][413,456][413,455][412,455][412,455][412,454][412,453][411,453][411,452][411,451][411,451][412,451][412,451][413,450][414,450][414,449][415,449][415,448][416,448][416,447][416,447][416,447][416,446][416,445][416,444][417,444][417,443][418,443][419,443][419,443][420,443][420,443][420,443][421,443][421,444][422,444][423,444][424,445][424,446][424,446][425,446][426,446][427,446][428,446][428,446][428,447][429,447][429,447][430,447][431,447][431,448][432,448][432,449][433,449][433,450][434,450][435,450][436,450][436,450][436,451][437,451][437,451][438,451][438,452][439,452][440,452][440,453][440,453][441,453][441,452][441,451][441,451][440,451][440,451][439,451][439,450][438,450][437,450][437,449][436,449][436,448][436,448][436,447][436,447][436,446][436,445][436,444][436,443][436,443][436,442][436,441][436,440][436,439][436,439][436,438][436,438][436,437][437,437][438,437][438,436][439,436][440,436][440,436][440,435][441,435][441,435][442,435][442,435][442,436][443,436][443,437][444,437][444,438][444,438][444,439][445,439][446,439][446,439][447,439][447,440][447,441][447,442][448,442][448,443][448,443][449,443][450,443][451,443][452,443][452,443][453,443][454,443][455,443][455,443][456,444][456,444][456,445][456,446][456,447][456,447][457,447][458,447][459,447][459,447][460,447][460,447][461,447][461,446][462,446][463,446][464,446][464,446][465,446][466,446][467,446][468,446][468,445][468,444][468,443][468,443][467,442][466,441][465,441][465,440][464,440][464,439][464,439][464,439][463,439][463,438][463,437][463,436][463,435][464,435][464,435][464,435][465,435][466,435][467,435][467,434][468,434][468,434][469,434][470,434][471,434][471,435][472,435][472,435][472,435][472,436][473,436][473,437][474,437][475,437][476,437][476,437][476,436][477,436][478,436][479,436][480,436][480,435][481,435][482,435][483,435][484,435][484,435][484,436][484,437][484,438][484,438][483,438][482,439][481,439][481,439][481,440][482,440][483,440][483,441][484,441][484,442][484,442][484,443][485,443][485,443][485,444][485,445][485,446][484,446][484,447][484,447][483,447][482,447][481,447][480,447][480,447][479,447][478,447][477,447][476,447][476,447][476,447][475,447][475,447][475,448][474,448][474,449][474,450][474,451][474,451][474,452][474,453][474,454][475,454][475,455][475,455][475,456][475,457][475,458][475,459][475,459][475,460][475,461][475,462][475,463][475,463][476,463][476,464][476,464][476,465][477,465][478,465][479,465][480,465][480,465][481,465][481,466][481,467][481,467][481,468][481,469][481,470][481,471][481,471][481,472][481,473][481,474][482,474][482,475][482,475][483,475][483,476][483,477][483,478][484,478][484,479]
cr
[467,418][468,418][468,418][469,418][470,418][471,418][472,418][472,418][473,418][473,417][474,417][474,416][474,415][475,415][475,415][474,414][473,414][473,413][472,413][472,412][472,412][471,412][471,411][470,411][470,411][469,411][468,411][468,410][468,410][467,410][467,411][466,411][466,411][465,411][464,411][464,412][464,412][464,413][463,413][463,414][463,415][463,415][463,416][463,417][463,418][464,418][464,419][464,419][465,419]
cr
[334,432][334,433][334,434][334,435][334,435][334,436][334,437][334,438][335,438][335,439][336,439][336,439][336,439][337,439][338,439][339,439][340,439][340,439][340,439][341,439][341,438][341,437][342,437][342,436][342,435][342,435][342,434][341,434][341,433][340,433][340,433][339,433][339,432][338,432]
cr
[340,419][340,419][341,419][342,419][343,419][344,419][344,419][344,418][345,418][345,417][345,416][346,416][346,415][346,415][346,414][346,413][341,410][340,410][340,410][339,410][338,410][337,410][337,411][336,411][336,411][336,412][336,413][336,414][336,415][336,415]
cr
[496,444][496,444][497,444][498,444][499,444][500,444][500,444][500,443][501,443][501,443][501,442][500,442][500,441][500,440][500,439][499,439][499,439][498,439][498,438][497,438][496,438][496,437][496,437][495,437][495,436][494,436][493,436][488,439][488,439][488,439][488,440][488,441][488,442][488,443][488,443][489,443][490,443][490,444][491,444][492,444][492,445][492,445][493,445][493,446][494,446][495,446]
cr
[89,417][89,418][89,419][89,419][90,419][90,420][91,421][92,421][92,422][92,422][92,423][93,423][93,423][94,423][95,423][96,423][96,423][97,423][98,423][98,423][99,423][99,422][100,422][100,421][100,421][101,420][101,419][102,419][102,419][103,419][103,418][103,417][103,416][103,415][103,415][100,411][99,411][98,411][97,411][96,411][96,411][96,410][95,410][94,410][94,411][93,411][93,411]
cr
[75,432][76,432][76,432][76,433][77,433][78,433][79,433][80,433][80,432][80,431][81,431][81,431][81,430][81,429][81,428][81,427][81,427][81,426][80,425][80,425][79,425][78,425][77,425][77,424][76,424][76,424][75,424][74,424][74,425][74,426][74,427][74,427][73,427][73,428]
cr
[80,240][81,239][81,239][82,239][83,239][83,238][84,238][84,237][84,237][85,237][85,236][86,235][86,235][86,234][86,233][86,232][86,231][90,230][90,229][90,228][89,228][89,227][88,227][88,227][88,227][88,226][87,226][86,226][85,226][85,225][84,225][84,225][83,225][83,224][82,224][81,224][81,223][80,223][80,223][80,223][79,223][78,223][77,223][77,223][77,224][76,225][76,226][76,226][75,227][74,227][74,227][73,227][72,228][72,228][71,228][71,229][70,230][70,231][70,231][70,232][70,233][71,233][72,233][72,234][72,234][73,234][74,234][75,234][76,234][76,234][76,235][77,235][77,235]
cr
[81,273][81,274][82,274][82,275][83,275][84,275][84,275][85,275][86,275][87,275][88,275][88,275][89,275][90,275][91,275][92,275][92,275][92,274][93,274][93,273][94,273][95,273][95,272][96,272][96,271][96,271][96,270][96,269][96,268][96,267][95,267][95,267][95,266][94,266][94,265][94,264][94,263][94,263][94,262][93,262][93,261][93,260][92,260][92,259][92,259][92,259][91,259][91,258][91,257][90,257][89,257][88,257][88,256][88,256][87,256][86,256][85,256][84,256][84,257][84,258][83,258][83,259][83,259][82,260][82,261][82,262][82,263][82,263][82,264][81,264][81,265][81,266][80,266][80,267][80,267][80,267]
cr
[104,291][104,291][105,291][106,291][107,291][108,291][108,291][108,290][108,290][108,289][109,289][109,288][110,288][110,287][111,287][111,286][112,286][112,285][112,284][112,283][111,283][110,283][109,283][108,283][108,283][107,283][106,283][106,284][105,284][105,285][104,285][104,286][104,286][103,286][103,287][102,287][101,287][100,287][100,287][100,288][100,289][100,290][100,291][100,291][100,292][100,293][100,294]
cr
[29,304][30,304][31,304][32,304][32,304][33,303][33,303][34,303][35,302][35,301][35,300][35,299][35,299][36,299][36,298][36,297][36,296][36,295][35,295][35,295][34,295][34,294][33,294][32,294][32,294][31,294][30,294][30,295][29,295][29,295][28,295][28,296][28,297][28,297][27,298][27,299][27,299][27,300][27,301][27,302][26,302][26,303][25,303][25,303][24,303][24,304][24,304][24,305][23,305][23,306][23,307][22,307][22,307][22,308][22,309][23,310][24,310][24,310][24,311][25,311][26,311][27,311]
cr
[86,337][86,338][87,338][87,339][88,339][88,339][89,339][90,339][91,339][91,339][91,338][91,337][92,337][92,336][92,335][92,335][92,335][92,334][92,333][92,332][92,332][92,331][91,331][91,331][90,331][89,331][89,330][88,330][88,330][87,330][86,330][85,330][84,330][84,330][83,330][82,331][81,331][80,331][80,331][80,332][80,332][80,333][80,334][80,335][80,335][80,336][80,336][81,336][81,337][82,337][82,338][82,339][83,339][84,339]
cr
[382,363][382,363][382,362][382,361][382,360][382,359][381,359][381,359][380,358][380,357][380,356][379,356][379,355][379,355][378,354][378,353][378,352][378,351][378,351][378,350][378,349][378,348][378,347][378,347][378,346][378,345][378,344][378,343][378,343][378,342][378,341][378,340][378,339][378,339][378,338][378,337][378,336][378,335][378,335][378,334][378,333][378,332][378,331][377,331][377,331][377,330][377,329][376,329][376,328][376,327][376,327][376,327][376,326][376,325][376,324][376,323][376,323][375,323][375,322][375,321][375,320][374,320][374,319][374,319][373,319][373,318][373,317][373,316][373,315][373,315][373,314][373,313][373,312][373,311][373,311][373,310][374,310][374,309][375,309][376,309][376,308][376,307][376,307][376,307][376,306][376,305][376,304][376,303][376,303][376,302][376,301][377,301][377,300][377,299][377,299][377,298][378,298][378,297][379,297][379,296][379,295][379,295][379,294][380,294][380,294][381,294][382,294][382,293][383,293][384,293][384,292][384,292][384,291][385,291][385,291][385,290][386,290][386,289][387,289][387,288][387,287][388,287][388,287][388,287][388,286][388,285][389,285][390,285][390,284][391,284][392,284][392,284][393,284][393,283][393,283][394,282][395,282][395,281][396,281][396,280][396,280][397,280][397,279][398,279][399,279][399,279][400,279][400,279][400,278][401,278][401,277][401,276][402,276][402,275][403,275][403,275][404,275][404,274][404,274][404,273][404,272][405,272][406,272][407,272][407,271][408,271][408,271][408,271][409,271][409,270][409,269][410,269][410,268][411,267][412,267][412,266][413,265][414,265][415,265][416,265][416,265][417,265][417,264][418,264][418,263][419,263][419,262][420,262][420,261][420,260][420,260][420,259][421,259][421,259][422,259][423,259][423,258][424,258][424,258][424,257][425,257][426,257][427,257][427,256][428,256][428,256][429,256][430,256][431,256][432,256][432,257][432,257][432,258][433,258][433,259][434,259][434,259][435,259][435,260][435,261][436,261][436,262][436,262][436,263][436,263][436,264][436,265][436,266][437,266][437,267][438,267][438,267][439,267][440,267][440,268][440,268][440,269][441,269][441,270][442,270][443,270][443,271][444,271][444,271][444,271][444,272][445,272][445,273][445,274][445,275][445,275][445,276][445,277][445,278][445,279][446,279][446,279][447,279][447,280][448,280][448,281][448,281][448,282][448,283][449,283][449,283][450,283][450,284][450,285][451,285][451,286][451,287][451,287][452,287][452,287][452,288][453,288][453,289][454,289][454,290][455,291][455,291][456,291][456,292][456,293][456,293][456,294][456,295][456,295][456,296][456,297][456,298][456,299][456,299][456,300][456,301][457,301][457,302][458,303][458,303][458,304][459,304][459,305][459,306][459,307][459,307][459,308][459,309][459,310][459,311][459,311][459,312][460,312][460,313][460,313][460,314][461,314][461,315][462,315][462,315][462,316][462,317][463,317][463,318][463,319][463,319][464,319][464,320][464,321][464,322][464,323][464,323][464,324][464,325][464,326][464,327][464,327][463,327][463,328][463,329][463,330][463,331][463,331][463,332][463,333][463,334][463,335][463,335][463,336][464,336][464,336][465,336][466,336][467,336][468,336][468,337][468,337][468,338][468,339][468,339][468,340][468,341][468,342][468,343][468,343][468,344][468,345][469,345][469,346][470,346][470,347][471,347][471,347][472,347][472,348][472,348][473,348][473,349][473,350][473,351][474,351][492,342][493,347][478,355][476,359][476,359][476,360][476,361][476,362][476,363][476,363][476,364][476,365][475,365][475,366][472,369][472,370][472,371][472,371][472,372][472,373][472,374][472,375][473,375][473,375][474,375][475,375][475,376][476,376][476,377][476,378][476,378][476,379][476,379][476,380][476,381][476,382][476,383][476,383][476,384][476,385][476,386][477,386][477,387][477,387][478,387][478,388][478,389][478,390][477,390][477,391][477,391][476,391][476,392][476,393][476,393][476,394][476,395][476,395][476,396][476,397][476,398][476,399][476,399][476,399][477,399][478,399][478,400][479,400][480,401][480,402][480,402][480,403][481,403][482,403][483,403][483,403][484,403][484,403][484,404][485,404][485,405][485,406][484,406][484,406][483,406][482,406][481,406][480,406][480,406][479,406][478,406][477,406][476,406][476,406][475,406][474,406][473,406][472,406][472,406][472,405][471,405][470,405][470,404][469,404][468,404][468,404][467,404][467,405][466,405][465,405][465,406][464,406][464,406][463,406][463,407][462,407][461,407][460,407][460,407][460,408][459,408][458,408][457,408][457,407][456,407][456,407][456,407][456,406][455,406][454,406][454,405][453,405][453,404][453,403][452,403][452,403][452,403][451,403][450,403][449,403][448,403][448,403][448,403][447,403][447,404][446,405][446,406][446,407][446,407][446,408][446,409][446,410][445,410][444,410][444,410][443,411][442,411][441,411][441,412][440,412][440,413][440,413][439,413][438,413][437,413][436,413][436,413][435,413][434,413][433,413][432,413][432,412][432,412][431,412][430,412][429,412][429,411][428,411][428,411][427,411][426,411][425,411][425,410][424,410][424,409][424,409][424,408][424,407][424,407][424,406][424,406][424,405][425,405][425,404][426,404][426,403][427,403][427,403][428,403][428,403][428,402][428,401][428,401][427,401][426,401][425,401][424,401][424,401][424,402][423,402][422,402][421,402][420,402][420,403][420,403][419,403][418,403][417,403][416,403][416,403][415,403][415,402][414,402][413,402][413,401][412,401][412,402][412,403][411,403][411,403][411,404][410,404][410,405][409,405][409,406][409,407][409,407][409,408][409,409][408,410][408,410][407,410][406,410][405,410][404,410][404,410][404,411][403,411][402,411][402,411][402,412][402,413][402,414][402,415][402,415][402,416][402,417][402,418][401,418][401,419][400,419][400,419][400,419][400,420][399,420][399,421][398,421][398,422][398,423][397,423][397,423][396,423][396,423][395,423][394,423][394,423][393,423][393,422][393,421][393,420][393,419][394,419][394,419][394,418][393,418][392,418][392,417][391,417][390,417][389,417][388,417][388,417][387,417][386,417][385,417][384,417][384,417][383,417][383,416][383,415][383,415][383,414][382,414][382,413][381,413][380,413][380,412][380,412][379,412][378,412][378,411][377,411][376,411][376,411][375,411][374,411][373,411][372,411][372,411][371,411][370,411][369,411][368,411][368,411][367,411][366,411][365,411][364,411][364,412][364,412][363,412][362,412][362,411][362,411][362,410][362,409][362,408][362,407][362,407][363,407][363,406][364,406][364,405][364,405][365,405][366,405][366,404][367,404][368,403][368,403][369,403][369,403][370,403][371,403][371,402][372,402][372,401][372,400][372,399][372,399][372,398][372,397][364,397][364,392][376,392][381,386][382,386][383,386][383,387][384,387][384,387][385,387][386,387][387,387][388,387][388,387][389,387][390,387][391,387][392,387][392,387][392,386][393,386][394,385][395,384][396,384][396,383][396,383][396,383][399,379][393,378][384,379][384,379][384,378][384,377][384,376][384,375][383,375][383,375][382,375][381,375][380,375][380,374][380,374][380,373][380,372][380,371][380,371]
cr
[552,319][565,311][576,306][594,301][606,295][616,290][627,282][627,277][609,286][588,296][575,298][564,305][549,313]
pt
[530,478][529,478][529,477][528,477][528,477][528,476][527,475][526,475][526,474][526,473][527,473][527,472][528,472][528,471][528,471][529,471][530,471][531,471][531,471][532,471][532,470][532,470][532,469][533,469][533,468][534,468][534,467][535,467][536,467][536,467][536,467][537,467][538,467][539,467][540,467][540,467][541,467][541,467][542,467][543,467][544,467][544,468][544,468][545,468][545,469][545,470][545,471][545,471][545,472][545,473][544,473][544,474][544,474][543,474][543,475][542,475][542,475][542,476][542,477][542,478][542,479]
pt
[495,477][496,477][496,477][496,476][497,475][497,475][497,474][497,473][497,472][497,471][496,471][496,471][495,471][494,472][493,472][493,473][492,473][492,474][492,474][492,473][491,473][491,472][491,471][491,471][491,470][491,469][491,468][491,467][491,467][491,466][491,465][492,465][492,465][492,464][493,464][493,463][494,463][494,463][494,462][495,462][495,461][495,460][496,460][496,460][496,459][497,459][497,459][497,458][497,457][497,456][497,455][497,455][497,454][497,453][498,453][499,453][499,452][500,452][500,452][501,452][501,451][502,451][503,451][504,450][504,450][505,450][506,450][507,450][508,450][508,447][509,447][510,447][511,446][512,446][512,445][512,444][511,444][511,443][510,443][509,443][509,443][508,443][508,443][508,442][507,442][507,441][506,441][506,440][506,439][506,439][505,439][505,438][505,437][504,437][504,436][504,436][504,435][504,435][503,435][503,434][503,433][502,433][502,432][503,432][504,432][504,431][504,431][505,431][506,431][507,432][507,433][508,433][508,434][508,434][508,435][509,435][509,435][510,435][511,435][512,435][512,435][512,435][512,434][513,434][514,434][515,434][515,433][516,433][516,433][516,432][517,432][517,431][517,431][517,430][518,430][518,429][518,428][518,427][518,427][517,427][516,427][516,427][515,427][514,427][513,427][513,427][512,427][512,427][512,428][511,428][510,428][509,428][508,428][508,428][507,428][506,428][505,428][504,428][504,428][504,427][503,427][503,427][502,427][502,426][501,426][501,425][501,424][501,423][501,423][501,422][501,421][501,420][501,419][501,419][500,418][500,417][500,416][500,415][499,415][499,415][498,415][498,414][498,413][499,413][500,413][500,413][501,413][502,413][503,413][504,413][504,413][505,413][506,413][506,414][507,414][508,414][508,415][508,415][508,415][509,415][510,415][511,415][512,415][512,415][512,415][513,415][513,414][514,414][515,414][515,413][516,413][516,413][517,413][518,413][519,413][520,413][520,412][520,412][521,412][522,412][523,412][524,412][524,412][525,412][525,413][526,413][527,413][528,413][528,414][528,414][528,415][528,415][528,416][528,417][528,418][528,419][528,419][528,419][528,420][528,421][527,422][527,423][526,423][525,424][524,424][524,425][524,425][524,426][524,427][524,427][524,428][524,429][524,430][524,431][524,431][524,432][524,433][524,434][524,435][525,435][526,435][526,434][527,434][528,434][528,433][528,433][528,432][529,432][530,432][531,432][532,432][532,432][532,433][532,434][532,435][532,435][532,436][533,436][533,437][534,437][535,437][535,438][535,439][535,439][535,440][534,440][533,441][534,441][535,441][536,441][536,441][537,441][538,441][539,441][540,441][540,440][540,440][540,439][541,439][542,439][542,439][543,439][543,438][543,437][543,436][542,435][541,435][542,435][542,435][543,435][544,435][544,434][544,434][545,434][546,434][547,434][548,433][548,433][549,432][550,432][551,432][552,432][552,431][552,431][553,431][554,431][555,431][556,431][556,431][556,431][556,430][556,429][556,428][556,427][556,427][556,426][555,426][555,425][555,424][555,423][555,423][555,422][556,422][556,421][556,421][556,420][557,420][558,420][559,420][560,420][560,420][561,420][562,420][563,420][564,420][564,420][565,420][565,421][566,421][567,421][567,422][567,423][568,423][568,423][568,424][568,424][568,425][569,425][569,426][569,427][569,427][569,428][569,429][568,430][568,431][568,431][567,431][566,431][565,431][564,431][564,430][564,430][563,430][563,431][563,431][563,432][563,433][563,434][563,435][564,435][564,435][563,434][563,435][563,435][563,436][563,437][563,438][563,439][562,439][561,440][560,441][560,442][560,443][560,443][560,444][561,444][561,445][562,445][563,445][563,446][564,446][564,446][564,447][564,447][564,448][565,448][565,449][566,449][566,450][567,450][568,450][568,451][568,451][568,451][569,451][569,452][569,453][569,454][570,454][570,455][570,454][571,454][571,453][571,452][572,451][572,451][572,450][573,450][573,449][574,448][575,448][576,448][576,449][576,449][577,449][578,449][579,449][579,450][580,450][580,450][580,451][581,451][581,451][581,452][582,452][582,453][583,453][584,454][584,455][584,455][583,455][582,455][581,455][580,455][580,455][580,456][579,456][579,457][579,458][578,458][577,458][576,458][576,459][576,459][576,460][576,460][576,461][575,461][575,462][575,463][575,463][576,463][576,464][576,465][575,465][574,465][574,466][573,466][572,466][572,467][572,467][572,467][571,467][571,467][571,466][571,467][570,467][569,467][569,466][569,465][568,465][568,464][568,464][568,463][567,463][567,463][566,463][565,463][564,462][564,462][563,462][562,462][561,462][560,461][560,460][560,460][560,459][560,459][559,459][559,458][559,457][558,457][558,456][557,456][557,455][557,455][557,454][556,454][556,453][556,453][555,453][555,452][554,452][553,452][552,452][552,452][551,452][551,453][550,453][550,454][549,454][549,455][548,455][548,455][548,454][547,454][547,453][547,452][546,452][546,451][545,451][545,451][544,451][544,450][544,449][544,449][544,448][543,448][542,448][541,448][540,448][540,448][539,448][538,448][538,449][538,450][537,450][537,451][536,451][536,451][536,451][536,452][536,453][536,454][535,454][535,455][535,455][535,456][535,457][534,457][533,457][532,457][532,457][531,457][531,458][530,458][529,458][529,459][528,459][528,459][527,459][526,459][526,458][526,457][526,456][526,455][526,455][526,454][525,454][525,453][524,453][524,452][524,452][524,451][523,451][523,451][523,450][522,450][522,449][521,449][521,450][521,451][520,451][520,452][520,453][520,454][520,455][520,455][520,456][520,457][520,458][520,459][520,459][520,460][520,461][520,462][520,463][520,463][519,463][519,464][519,465][518,465][518,466][517,466][517,467][516,467][516,467][515,467][515,468][514,468][514,469][513,470][513,471][512,471][512,471][512,472][512,472][511,472][510,472][509,472][508,472][508,472][507,472][506,472][505,472][504,472][504,473][504,473][504,474][503,474][503,475][503,475][503,476][503,477][503,478][503,479][502,479]
pt
[496,476][496,477][496,478][496,479]
cr
[559,475][559,476][560,476][560,477][560,477][560,478][561,478][562,478][563,478][564,478][564,477][564,477][564,476][565,476][565,475][566,475][566,475][566,474][566,473][566,472][565,472][565,471][564,471][564,471][563,471][562,471][561,471]
cr
[12,34][12,34][13,34][14,34][15,34][15,33][16,33][16,32][16,32][16,31][17,31][17,31][17,30][17,29][17,28][17,27][17,27][16,27][16,26][16,26][15,26][14,26][14,25][13,25][12,25][12,25][11,25][10,25][9,25][9,26][8,27][8,27][8,28][8,29][8,30][8,31][8,31][9,31][9,32][10,32]
cr
[104,319][104,319][105,319][106,319][106,319][107,319][108,319][108,320][108,320][109,320][109,319][109,319][109,318][109,317][109,316][109,315][109,315][109,314][109,311][109,311][109,310][109,309][108,309][108,309][108,308][107,308][106,308][105,308][104,308][104,309][104,309][104,310][103,310][103,311][102,311][102,311][102,312][101,312][101,313][100,313][100,314][100,314][99,315]
cr
[78,461][79,461][80,461][80,461][81,461][82,461][83,460][84,460][84,459][84,459][84,458][84,457][84,457][83,457][82,457][82,456][81,456][80,456][80,455][80,455][80,455][79,455][78,455][78,454][77,454][76,454][76,454][75,455][74,455][74,456][73,456][73,457][73,458][73,459][73,459][74,459][74,460][75,460][76,460][76,460][77,460][78,460][79,460][79,459]
cr
[112,442][113,442][114,442][114,441][115,441][115,440][116,440][116,439][116,439][116,439][116,438][116,437][116,436][116,435][116,435][116,434][116,433][116,433][116,432][115,432][114,432][114,431][113,431][113,431][112,431][112,431][112,430][111,430][110,430][110,431][109,431][109,431][108,431][108,432][108,432][108,433][108,434][108,435]
cr
[151,470][151,469][151,468][151,467][151,467][151,466][151,465][151,464][151,463][150,463][149,463][148,463][148,463][147,463][147,464][147,465][146,465][146,466][146,467][146,467][146,468][146,469][145,469][145,470][145,471][145,471][145,472][146,472][147,472][148,472]
cr
[49,327][49,326][49,325][49,324][50,324][50,323][50,323][50,322][49,322][48,322][48,322][47,322][46,322][45,322][44,322][44,322][43,322][43,323][43,323][43,324][43,325][43,326][43,327][43,327][43,328][43,329][44,329]
cr
[577,360][578,360][579,360][580,360][580,359][581,359][581,359][582,358][582,357][582,356][582,355][582,355][581,355][580,355][580,355][579,355][579,354][578,354][577,354][577,355][577,355][577,356]
