16
cr
[20,223][21,223][22,223][23,223][23,222][24,222][24,221][24,221][24,220][24,219][24,219][24,219][24,218][23,218][23,217][22,216][22,215][22,215][22,214][22,213][21,212][21,211][20,211][20,211][20,210][20,210][19,210][19,209][18,209][17,209][17,208][16,208][16,208][15,208][14,208][13,208][12,208][12,208][11,208][11,207][10,207][10,208][10,209][10,210][10,211][10,211][10,212][10,213][10,214][10,215][10,215][10,216][11,216][11,217][12,217][12,218][12,218][13,218][13,219]
cr
[11,177][12,177][12,177][13,177][13,176][13,175][13,175][13,174][13,173][13,172][13,171][12,171][12,171][11,171][10,171][9,171][8,171][8,171][8,171][8,172][8,173][7,174][7,175][7,175][7,176][7,177][7,178][8,178][8,179][8,179]
cr
[102,171][103,171][104,171][104,171][104,172][105,172][105,173][105,174][106,174][106,175][107,175][107,175][108,175][108,176][109,177][109,178][110,178][110,179][111,179][112,179][112,180][112,180][112,181][113,181][114,181][114,182][115,182][116,182][116,182][117,182][118,182][119,182][120,182][120,182][121,182][122,182][122,181][123,181][123,180][124,180][124,179][124,179][124,179][125,179][126,179][127,179][127,179][128,179][128,180][129,180][129,181][130,181][130,182][131,182][132,182][132,183][132,183][132,183][133,183][134,183][134,184][135,184][136,184][136,184][137,184][138,184][139,184][140,184][140,184][140,185][141,185][142,185][143,186][144,186][144,187][144,187][145,187][146,187][146,188][147,188][148,188][148,187][148,187][148,187][148,186][148,185][149,185][149,184][149,183][150,183][150,183][151,183][151,182][152,182][152,181][153,181][154,181][154,180][155,180][156,180][156,180][157,180][158,179][159,179][160,179][160,179][161,179][162,179][163,179][164,179][164,179][165,179][166,179][168,179][168,179][169,179][170,179][171,179][172,179][172,179][172,178][173,178][174,178][175,177][176,177][176,177][177,177][178,177][179,177][180,176][180,176][181,176][182,176][183,176][184,176][184,175][184,175][184,175][185,175][185,174][186,174][187,174][187,173][187,172][188,172][188,171][188,171][188,171][188,170][188,169][188,168][189,168][189,167][189,167][190,167][190,166][190,165][191,165][191,164][192,164][192,163][192,163][192,162][192,161][192,160][192,159][192,159][192,158][192,157][192,156][192,155][191,155][191,155][191,154][190,154][190,153][190,152][190,151][190,151][189,150][189,149][188,149][188,148][188,148][188,147][187,147][187,147][186,147][185,146][185,145][184,144][184,143][184,143][184,142][184,141][184,140][184,139][184,139][184,138][184,137][184,137][184,136][183,136][183,135][182,135][182,135][181,135][180,135][180,134][180,134][179,133][178,133][177,133][176,133][176,133][175,133][174,133][173,133][172,133][172,133][171,132][171,131][170,131][170,131][170,130][170,129][170,128][170,127][170,127][170,126][170,125][170,124][170,123][170,123][169,123][169,122][168,122][168,121][168,120][168,119][168,119][167,119][167,118][166,117][165,117][165,116][164,116][164,116][163,116][162,116][161,116][160,116][160,116][160,115][159,115][159,114][158,114][158,113][158,112][157,112][157,111][157,111][157,110][157,109][156,109][156,108][156,107][156,107][156,107][156,106][156,105][155,105][155,104][154,103][154,103][153,103][153,102][153,101][152,101][152,100][152,100][152,99][151,99][151,99][150,99][149,99][149,98][148,98][148,98][147,98][147,97][146,97][146,96][145,96][145,95][144,95][144,95][144,95][143,95][142,94][141,94][140,94][140,93][140,93][140,92][139,92][139,91][139,91][139,90][138,90][138,89][137,89][136,89][136,89][135,89][134,89][133,89][132,89][132,90][131,90][131,91][130,91][130,92][129,92][129,93][129,94][129,95][129,95][129,96][129,97][129,98][128,98][128,98][128,99][127,99][126,99][125,99][125,99][124,99][124,99][123,99][123,100][122,100][121,101][120,101][120,101][119,101][118,102][117,102][117,103][117,103][117,104][116,104][116,105][116,106][116,107][116,107][116,108][115,109][114,109][114,110][113,110][112,110][112,111][112,111][112,111][111,111][111,112][110,112][109,112][109,113][108,113][108,113][107,114][106,114][106,115][105,115][105,115][104,115][104,116][104,117][104,117][104,118][104,119][103,119][103,119][102,119][102,120][101,120][101,121][100,121][100,122][99,123][98,123][98,123][98,124][97,124][97,125][97,126][96,126][96,127][96,127][96,127][95,127][95,128][94,128][93,128][92,128][92,128][91,128][90,128][89,128][88,128][88,128][87,128][87,129][86,129][85,129][85,130][84,130][84,131][84,131][80,139][80,139][79,139][78,139][77,139][76,139][76,139][76,139][76,140][75,140][75,141][75,142][74,142][74,143][73,143][73,143][73,144][74,145][75,146][76,146][76,147][77,147][78,147][79,147][79,148][80,149][80,150][80,151][81,151][81,151][82,151][82,152][83,152][83,153][84,153][84,154][84,154][85,154][86,154][87,154][87,155][88,155][88,155][88,155][88,156][88,157][88,158][88,159][88,159][88,160][88,161][89,161][89,162][90,162][91,162][91,163][92,163][92,163][92,163][93,163][94,163][95,163][95,164][96,164][96,165][96,165][97,165][97,166][98,166][98,167][100,167]
pt
[548,0][567,34][569,35][576,51][589,77][606,113][619,133][627,150][628,150][639,171]
pt
[562,-1][576,23][588,45][600,71][615,96][626,119][639,149][639,149][640,149]
pt
[582,0][639,109][639,107][640,107][640,107][640,108]
pt
[592,-1][640,93]
pt
[598,-1][640,82]
pt
[640,92][640,92][640,93][640,94][640,95]
pt
[640,79][640,80][640,81][640,82][640,83][640,81][640,82]
pt
[639,169][639,170][640,170][640,171][639,169][639,170][639,171][640,171][640,171]
pt
[640,147][640,148][640,149][640,150][640,150][640,151][639,151]
pt
[1,231][2,231][3,231][4,231][4,231][4,231][5,231][6,231][6,231][7,231][7,232][8,232][8,233][8,233][8,234][8,235][8,235][8,235][8,236][8,237][8,238][8,239][8,239][8,239][8,240][8,240][8,241][7,241][6,241][5,241][5,240][5,239][4,239][4,239][4,239][3,239][2,239][1,239][1,239][0,239][0,240][0,240][0,241]
pt
[1,275][1,275][2,275][2,274][3,274][4,274][4,273][4,273][5,273][6,273][7,273][8,273][8,274][8,274][8,275][9,275][9,275][10,275][10,276][10,277][10,278][11,278][11,279][11,279][10,280][9,281][8,281][8,281][8,282][7,282][7,283][6,283][5,283][5,283][4,283][4,283][3,283][2,283][1,283][0,283][0,283][0,282]
cr
[84,124][83,124][82,124][82,123][81,123][80,123][80,123][80,122][80,121][80,120][80,119][81,119][81,118][82,117][82,116][82,115][81,115][81,115][80,114][80,113][80,112][80,112][80,111][80,111][80,110][80,109][80,108][80,107][80,107][80,107][81,107][81,106][81,105][81,104][82,104][83,104][84,104][84,104][85,104][85,105][85,106][86,106][86,107][86,107][86,108][87,108][87,109][88,109][88,110][88,110][89,111][90,111][91,111][91,111][92,111][92,111][93,111][93,111][93,110][93,109][92,109][92,108][92,108][92,107][92,107][91,107][90,107][90,106][90,105][89,105][89,104][89,103][89,103][89,102][90,101][91,101][91,100][92,100][92,99][92,99][92,99][93,99][94,98][95,97][96,97][96,96][96,96][97,96][98,96][99,96][100,96][100,96][100,97][101,97][101,98][102,98][102,99][102,99][102,100][103,100][103,101][103,102][103,103][103,103][103,104][104,104][104,105][104,105][104,106][105,106][106,106][106,107][106,107][106,108][106,109][106,110][105,110][105,111][104,111][104,111][104,111][103,111][103,112][102,112][102,113][101,113][101,114][100,114][100,115][100,115][99,116][99,117][98,117][97,118][97,119][96,119][96,119][96,119][96,120][96,121][95,121][95,122][95,123][94,123][94,123][93,124][92,124][92,124][92,125][91,125][90,125][89,125][88,125][88,126][88,126]
cr
[45,433][46,433][47,433][48,433][48,433][49,433][50,433][50,434][51,434][52,434][52,435][52,435][53,435][54,435][55,435][56,434][56,433][57,433][57,432][58,432][58,431][58,431][58,430][57,430][57,429][57,428][56,428][56,427][56,427][56,427][53,425][52,425][52,425][51,425][51,426][51,427][50,427][50,427][50,428][49,428][48,428][48,428][47,428][47,429][46,429][46,430][45,430]
