14
pt
[286,3][287,3][287,4][288,4][288,5][288,6][289,6][289,7][289,8][289,9][290,9][290,10][291,10][291,11][291,12][291,13][292,13][292,14][292,15][293,15][293,16][293,17][302,28][307,44][314,56][334,85][342,107][352,129][376,159][380,189][407,242][441,306][461,358][466,360][480,381][482,380][492,390][493,390][493,391][502,394][498,404][497,421][503,431][504,431][503,438][515,451][508,463][500,476][500,479]
pt
[397,6][396,6][397,6][398,6][398,7][399,8][399,9][400,9][400,10][400,12][401,12][401,13][401,14][401,15][401,16][401,17][402,17][402,18][403,18][403,19][410,26][419,34][420,45][420,46][420,47][420,48][421,48][433,65][440,65][445,83][450,103][443,103][439,108][434,113][430,113][411,124][406,119][401,124][385,120][376,124][368,97][357,76][348,65][340,56][329,48][320,37][314,25][304,6][302,4][302,3][301,3][301,2][300,2][300,1][299,1][299,0][298,0]
pt
[378,141][378,142][378,143][378,144][378,145][379,145][379,146][382,159][385,173][391,172][394,169][399,173][404,162][401,148][391,149][385,149][380,142]
pt
[440,163][441,163][442,163][443,163][444,163][445,163][446,163][447,163][448,163][448,162][449,162][450,162][450,161][451,161][451,160][452,160][452,159][453,159][454,159][454,158][455,158][456,158][456,157][457,157][457,156][458,156][459,156][467,169][468,190][465,199][462,203][461,203][461,204][460,204][459,204][458,204][458,205][457,205][449,207][449,207][445,206][455,193][457,184][455,178][450,171][441,164]
pt
[448,97][449,97][450,97][451,97][452,97][453,97][454,97][454,98][455,98][456,98][456,99][460,109][471,122][478,138][478,139][478,140][478,141][488,168][502,187][507,201][520,215][528,237][548,271][551,283][567,313][585,348][600,373][600,374][611,391][612,391][621,414][627,427][632,434][632,435][633,435][633,437][633,438][633,439][634,439][634,440][634,441][634,442][635,442][635,443][635,444][635,445][635,446][636,446][636,447][637,447][637,448][638,448][638,449][639,449][639,450]
pt
[491,2][492,2][492,3][493,3][493,4][493,5][494,5][494,6][494,7][494,8][494,9][494,10][494,11][495,11][495,12][495,13][496,13][496,14][497,14][497,15][498,15][498,16][499,16][499,17][500,17][500,18][501,18][501,19][502,19][502,20][502,21][503,21][503,22][503,23][503,24][504,24][504,25][504,26][505,26][505,27][505,28][506,28][506,29][506,30][507,30][507,32][507,33][508,33][508,34][508,35][509,35][509,36][510,36][510,37][510,38][511,38][511,39][511,40][513,40][513,41][514,41][514,42][514,43][515,43][515,44][516,44][516,45][516,46][517,46][517,47][537,88][563,117][577,143][591,157][606,183][607,183][607,184][608,184][608,185][620,204][628,222][635,228][635,229][636,229][636,231][637,231][637,232][638,232][638,233][638,234][639,234][639,235][639,236]
pt
[538,1][539,1][540,1][541,1][541,2][542,2][542,3][543,3][543,5][543,6][544,6][544,7][545,7][545,8][545,9][546,9][546,10][547,10][548,11][549,11][549,12][551,12][551,13][551,14][552,14][552,15][553,15][554,15][554,16][555,16][555,17][555,18][556,18][556,19][557,19][557,20][570,45][586,72][598,82][605,101][618,118][619,118][619,119][625,131][634,141][635,141][635,142][636,142][636,143][637,143][637,144][637,145][638,145][638,146][638,147][639,147][639,148][639,149]
cr
[383,107][384,107][384,108][385,108][386,108][386,109][386,110][387,110][387,111][388,111][389,111][389,112][389,113][389,114][389,115][388,115][387,115][386,115][385,115][384,115][383,115][382,115][382,114][381,114][381,113]
pt
[446,140][446,141][447,141][448,141][448,142][449,142][454,138][445,139]
pt
[422,160][422,161][423,161][423,162][423,163][424,163][431,160][431,154][432,154][424,159]
pt
[400,181][401,181][402,181][403,181][404,181][405,181][405,182][406,182][406,183][407,183][412,173][401,177][401,181]
pt
[395,198][396,198][396,199][397,199][397,200][398,200][398,201][399,201][399,202][399,203][400,203][400,204][401,204][401,205][402,205][402,206][403,206][403,205][403,204][405,204][405,203][405,202][405,201][404,201][403,201][403,200][402,200][402,199][401,199][401,198][400,198][399,198][399,197][398,197][397,197][397,196][396,196][395,196]
pt
[410,200][410,201][410,202][410,203][410,204][411,204][411,205][413,205][413,206][414,206][415,206][416,206][417,206][417,205][417,204][417,203][417,202][417,201][416,201][416,200][415,200][414,200][414,199][412,199][412,198][411,198][410,198][410,197][409,197][408,197][408,196][407,196]
pt
[507,402][508,402][508,401][508,400][508,399][508,398][508,397][508,396][508,395][508,394][508,393][508,392][508,391][508,390][508,389][520,375][524,364][529,360][529,359][537,359][538,359][539,367][539,368][539,369][539,370][538,370][538,371][526,384][516,393][516,400][512,405][508,403]
