10
pt
[606,3][606,3][607,3][608,3][609,3][609,4][610,4][610,5][610,6][611,6][611,7][612,7][612,8][612,9][614,9][614,10][615,10][615,11][615,12][616,12][616,13][617,13][617,14][618,14][619,14][619,15][620,15][620,16][621,16][621,17][622,17][622,18][623,18][624,18][624,19][625,19][625,20][626,20][626,21][627,21][627,22][628,22][628,23][629,23][629,24][630,24][630,25][631,25][631,26][632,26][632,27][633,27][633,28][634,28][634,30][635,30][635,31][635,32][636,32][637,33][637,34][638,34][639,35]
pt
[491,1][491,1][491,2][491,3][491,4][492,4][492,5][492,6][492,7][493,7][493,8][493,9][493,10][493,11][493,12][493,13][494,13][494,15][494,16][494,17][494,18][494,19][494,20][494,21][494,22][494,23][494,24][494,25][494,26][494,27][494,28][495,28][495,29][496,29][496,30][496,31][497,31][497,32][497,33][502,48][502,48][516,77][516,77][534,89][534,89][538,96][538,96][538,97][538,98][538,99][538,100][537,100][537,101][537,102][537,103][537,104][537,105][536,105][536,106][536,107][536,108][536,109][535,109][535,110][535,111][534,111][534,112][534,113][534,114][533,114][533,116][533,117][533,118][541,122][541,122][547,138][547,138][548,139][549,140][549,142][550,143][551,144][552,145][552,146][553,147][553,148][553,149][554,149][572,158][572,158][573,158][574,158][575,159][576,160][584,176][584,176][584,195][584,195][593,222][593,222][602,246][602,246][625,268][625,268][637,281][637,281][637,282][637,283][637,284][638,284][638,285][639,285][639,286][639,287]
pt
[418,2][418,2][419,2][419,3][419,4][419,5][419,6][419,7][419,8][419,9][419,10][419,11][419,12][419,13][419,14][419,15][418,15][418,16][418,17][418,18][418,19][418,20][418,21][419,21][419,22][419,23][419,24][420,24][420,25][421,25][421,26][422,26][422,27][423,27][424,27][424,28][425,28][426,28][426,30][427,30][428,30][428,31][429,31][430,31][430,32][431,32][431,33][432,33][433,33][433,34][434,34][435,34][435,35][436,35][436,36][437,36][437,37][438,37][438,38][438,39][439,39][439,40][440,40][440,41][440,42][441,42][441,43][441,44][442,44][442,45][442,46][443,46][443,47][443,48][444,48][444,49][444,50][445,50][445,51][446,51][446,52][446,53][447,53][447,54][448,54][448,55][448,56][449,56][449,57][449,58][449,59][450,59][450,60][450,61][450,62][450,63][451,63][451,64][451,65][452,65][452,66][454,66][454,67][455,67][455,68][455,69][456,69][456,70][457,70][457,71][457,73][457,74][458,74][458,75][458,76][458,77][458,78][458,79][459,79][459,80][460,80][460,81][461,81][461,82][461,83][462,83][462,84][462,85][463,85][463,86][464,86][464,87][465,87][465,88][466,88][466,89][466,90][467,90][467,91][468,91][468,92][468,93][469,93][469,94][470,94][470,95][470,96][471,96][471,97][472,97][472,98][472,99][473,99][473,100][473,101][474,101][474,102][475,102][475,103][476,103][476,104][477,104][477,105][478,105][478,106][479,106][479,107][480,107][480,108][481,108][481,109][481,110][482,110][482,111][483,111][483,112][484,112][484,113][484,114][485,114][485,116][486,116][486,117][495,138][495,138][495,139][495,140][501,154][501,154][502,154][510,167][510,167][524,188][524,188][524,204][524,204][549,236][549,236][567,263][567,263][586,301][586,301][606,332][606,332][628,365][628,365][635,379][635,379][635,380][635,381][636,381][636,382][636,383][636,384][637,384][637,385][638,385][638,386][638,387][639,387][639,389]
pt
[339,1][339,1][340,1][341,1][341,2][341,3][342,3][342,5][342,6][343,6][343,7][344,7][344,8][345,8][345,9][346,9][346,10][346,11][347,11][347,12][348,12][348,13][349,13][349,14][349,15][349,16][350,16][350,17][350,18][351,18][351,19][352,19][352,20][352,21][353,21][353,22][353,23][353,24][353,25][354,25][354,26][354,27][355,27][355,28][355,29][356,29][356,30][356,31][356,32][357,32][357,33][357,34][358,34][358,35][359,35][359,36][359,37][360,37][360,38][360,39][361,39][361,40][361,41][361,42][361,43][362,43][362,44][362,45][362,47][362,48][363,48][363,49][363,50][364,50][364,51][364,52][365,52][365,53][365,54][366,54][366,55][366,56][367,56][367,57][368,57][368,58][369,58][369,59][370,59][370,60][371,60][371,61][371,62][372,62][372,63][372,64][373,64][373,65][374,65][374,66][374,67][375,67][375,68][375,69][376,69][376,70][377,70][377,71][378,72][378,73][379,73][379,74][380,74][380,75][380,76][382,76][382,77][382,78][383,78][383,79][384,79][384,80][385,80][385,81][385,82][386,82][386,83][387,83][387,84][388,84][388,85][388,86][389,86][390,86][390,87][391,88][391,90][392,90][392,91][393,91][393,92][393,93][394,93][394,94][395,94][395,95][395,96][396,96][396,97][397,97][397,98][397,99][398,99][398,100][398,101][399,101][399,102][399,103][400,103][400,104][400,105][401,105][401,106][401,107][402,107][402,108][403,108][403,109][404,109][404,110][405,110][405,111][405,112][406,112][406,113][407,113][407,114][408,114][408,115][408,116][409,116][409,117][409,118][409,119][410,119][410,120][410,121][411,121][412,121][412,122][412,123][413,123][413,124][414,124][414,125][415,125][415,126][416,126][416,127][417,127][417,128][418,128][418,129][419,129][419,130][419,131][420,131][421,133][421,134][422,134][422,135][422,136][424,136][424,137][425,137][425,138][425,139][426,139][426,140][427,140][427,141][428,141][428,142][429,142][429,143][430,143][430,144][431,144][431,145][432,145][432,146][433,146][433,147][434,147][434,148][435,148][435,149][435,150][436,150][436,151][437,151][437,152][438,152][438,153][439,153][439,154][440,154][440,155][440,156][441,156][441,157][441,158][441,159][475,219][475,219][502,279][502,279][519,308][519,308][556,364][556,364][556,365][576,400][576,400][577,400][592,417][592,417][593,417][608,420][608,420][602,428][602,428][602,429][602,434][602,434][602,438][602,438][614,431][614,431][620,432][620,432][622,439][622,439][629,456][629,456][638,466][638,466][637,467][637,467][637,468][638,468][638,469][638,470][639,470][639,471]
pt
[270,2][270,2][271,2][272,2][272,3][273,3][274,3][274,4][275,4][275,5][276,5][276,6][276,7][277,7][278,7][278,8][279,8][279,10][280,10][280,11][281,11][281,12][282,12][282,13][283,13][283,14][284,14][284,15][284,16][285,16][285,17][287,17][287,18][287,19][288,19][288,20][288,21][289,21][289,22][289,23][289,24][290,24][290,25][290,26][291,26][291,27][292,27][292,28][293,28][293,29][294,29][295,29][295,30][296,30][296,31][297,31][297,32][298,32][299,32][299,33][300,33][300,34][301,34][301,35][302,35][302,36][302,37][303,37][303,38][304,38][304,39][305,39][305,40][305,41][306,41][306,42][307,42][307,43][307,44][308,44][308,45][308,46][309,46][310,46][310,47][311,47][311,48][312,48][313,49][313,50][314,50][314,52][315,52][315,53][316,53][316,54][317,54][317,55][318,55][318,56][318,57][319,57][319,58][320,58][320,59][320,60][320,61][321,61][321,62][321,63][322,63][322,64][322,65][322,66][323,66][323,67][323,68][323,69][323,70][323,71][323,72][323,73][323,74][323,75][323,76][323,77][323,78][323,79][323,80][324,80][324,81][324,82][324,83][324,84][324,85][324,86][324,87][324,88][324,89][324,90][334,131][334,131][351,164][351,164][351,165][375,225][375,225][401,265][401,265][413,295][413,295][414,295][426,303][426,303][445,323][445,323][446,323][464,350][464,350][464,351][465,351][465,352][466,352][467,352][489,373][489,373][503,396][503,396][503,397][514,417][514,417][515,417][528,419][528,419][534,433][534,433][534,434][534,435][538,450][538,450][539,450][539,451][548,477][548,477][548,478][548,479]
pt
[169,1][169,1][170,1][170,2][170,3][170,4][174,11][174,12][174,13][174,14][174,15][174,16][174,17][174,18][175,18][175,19][175,20][175,21][176,21][176,22][176,23][177,23][177,24][177,25][178,25][178,26][178,27][179,28][179,30][180,31][180,32][181,32][181,33][182,33][182,34][183,34][183,35][183,36][184,36][184,37][185,37][185,38][186,38][186,39][186,40][187,40][187,41][187,42][187,43][188,43][188,44][188,45][189,45][189,46][190,46][190,47][191,47][191,47][191,47][210,73][210,73][210,74][228,110][228,110][230,110][245,129][245,129][245,130][246,130][246,131][269,177][269,177][279,195][279,195][279,196][279,197][279,198][279,202][279,202][281,211][281,211][294,216][294,216][295,216][305,235][305,235][305,236][305,237][305,238][320,254][320,254][329,262][329,262][329,263][329,264][330,264][330,265][330,267][338,279][338,279][345,292][345,292][351,304][351,304][360,315][360,315][357,319][357,319][366,327][366,327][366,328][366,333][366,333][379,351][379,351][389,368][389,368][398,372][398,372][402,381][402,381][401,399][401,399][401,404][401,404][412,401][412,401][422,411][422,411][418,414][418,414][424,424][424,424][427,423][427,423][430,427][430,427][428,434][428,434][430,442][430,442][436,447][436,447][442,452][442,452][448,460][448,460][452,471][452,471][454,479][454,479]
pt
[128,0][128,0][129,0][130,0][130,2][130,3][131,3][131,4][131,5][132,5][132,6][132,7][133,7][133,8][133,9][134,9][134,10][134,11][135,11][135,12][136,12][136,13][137,13][137,14][137,15][138,15][138,16][141,31][141,31][147,52][147,52][160,78][160,78][168,94][168,94][171,108][171,108][179,114][179,114][184,127][184,127][196,146][196,146][204,166][204,166][210,178][210,178][217,190][217,190][231,209][231,209][239,233][239,233][238,261][238,261][249,269][249,269][258,286][273,309][275,323][275,323][280,332][290,348][301,373][301,374][301,375][317,398][318,398][329,421][330,421][330,422][331,422][331,423][331,424][332,424][358,466][364,475][365,475][365,476][365,477][366,477][366,478][366,479][367,479]
pt
[284,1][285,1][287,1][287,2][288,2][288,3][289,3][290,3][290,4][291,4][300,8][301,8][313,12][314,27][326,59][337,70][361,95][367,113][393,145][418,175][426,194][443,218][460,254][485,283][525,351][559,415][578,437][596,466][608,478][609,479][610,479]
pt
[346,0][346,1][346,2][346,3][348,5][348,6][349,6][349,8][350,8][350,9][351,9][351,10][352,10][353,10][353,11][354,11][354,12][355,12][355,13][356,13][356,14][357,14][357,15][358,15][358,16][359,16][359,17][360,17][360,18][361,18][361,19][362,19][362,20][362,21][363,21][364,21][364,22][365,22][365,23][366,23][366,24][367,24][367,25][368,25][368,26][369,26][369,27][370,27][371,27][371,28][371,28][379,45][388,70][397,74][407,92][414,101][415,110][424,120][433,133][434,140][434,139][431,145]
pt
[504,398][506,398][506,397][507,397][507,396][507,395][507,394][507,393][507,392][507,391][507,390][507,389][507,388][507,387][507,386][507,385][507,384][507,383][507,382][507,381][507,380][508,380][509,380][510,380][511,380][512,380][513,380][514,380][515,381][515,382][516,382][516,383][517,383][518,384][519,384][519,385][519,386][520,386][520,387][520,388][521,388][521,389][521,390][521,391][522,391][522,392][522,393][523,393][523,394][524,394][524,395][525,395][525,396][526,396][526,397][526,398][527,398][527,399][527,400][527,401][526,401][525,401][525,402][524,402][523,402][523,403][522,403][521,403][521,404][520,404][519,404][518,404][518,405][517,405][517,407][516,407][515,407][515,408][514,408][514,409][513,409][513,410][512,410][512,411][512,412][511,412][511,413]
