16
pt
[173,0][174,0][174,2][175,2][176,2][176,3][177,3][177,4][178,12][177,25][184,38][198,62][212,93][214,102][235,139][239,142][239,152][252,169][253,169][255,172][272,206][294,243][313,277][317,280][330,293][340,305][348,318][354,330][357,339][362,359][370,351][383,356][384,356][393,356][403,354][413,350][423,347][424,347][428,338][436,337][437,337][436,321][428,306][428,302][423,298][419,296][416,287][408,277][406,264][393,253][389,242][379,223][372,208][366,203][364,192][351,171][339,168][337,163][337,162][340,152][335,139][329,139][304,100][295,84][284,63][271,44][261,27][253,20][248,12][241,9][241,7][241,6][241,5][241,4][241,3][240,3][240,2][240,1][240,0]
pt
[369,345][369,344][370,344][370,345][371,345][371,346][372,346][372,347][373,347][374,347][374,348][375,348][376,348][377,348][377,347][378,347][378,346][378,344][378,343][378,342][378,341][377,341][376,341][376,340][375,340][375,339][374,339][373,339][372,339][371,339][370,339][369,339][369,340][369,341][369,344]
pt
[521,3][522,3][523,3][524,3][524,4][525,4][525,5][526,5][526,6][526,8][527,8][527,9][527,10][528,10][528,11][529,11][529,12][529,13][530,13][530,14][530,15][531,15][531,16][532,16][532,17][532,18][533,18][533,19][533,20][534,20][534,21][535,21][535,22][536,22][536,23][553,35][577,81][578,87][592,108][593,108][605,139][615,166][618,171][638,185][638,186][639,186][639,187][639,188]
pt
[470,1][471,1][472,1][473,1][474,1][475,1][475,2][476,2][476,3][477,3][477,4][478,5][478,6][478,7][479,7][479,8][480,8][480,9][480,10][481,10][481,11][482,11][482,12][483,12][483,13][484,13][484,14][485,14][485,15][486,15][486,16][486,17][487,17][487,18][487,19][488,19][488,20][489,20][489,21][490,21][490,22][491,22][491,23][492,23][492,24][493,24][494,24][494,25][495,25][502,41][516,67][537,105][538,105][562,142][573,178][573,179][574,179][583,183][584,196][593,204][601,220][603,231][613,254][623,270][636,288][637,288][638,288][639,288][639,289]
pt
[412,0][413,0][414,0][414,1][415,1][415,2][415,3][415,4][416,4][416,5][416,6][417,6][417,7][417,9][418,9][418,10][418,11][420,11][420,12][420,13][421,13][421,14][422,14][422,15][423,15][423,16][434,46][434,47][452,83][483,133][517,180][539,193][535,208][540,210][550,206][551,206][558,214][560,225][572,241][592,259][593,259][593,260][594,260][594,261][606,272][605,247][607,245]
pt
[375,1][376,1][377,1][377,2][378,2][378,3][379,3][379,4][379,5][379,6][379,7][380,7][380,8][380,9][381,9][382,9][382,10][383,10][384,10][384,11][403,34][425,66][460,129][483,161][497,191][498,191][517,210][558,274][559,274][570,305][581,314][585,329][597,338][602,356][609,373][628,400][633,402][634,402][634,403][634,404][635,404][635,405][636,405][636,406][637,406][637,407][638,407][638,408][639,408][639,409]
pt
[316,1][317,1][317,2][318,2][318,3][318,4][319,4][319,5][319,6][319,7][319,8][319,9][319,10][319,11][319,12][319,13][320,13][320,14][320,15][320,16][321,16][321,17][322,17][322,18][323,18][323,19][324,19][324,20][324,21][324,22][325,22][325,23][325,24][326,24][326,25][327,25][327,26][328,26][328,27][328,28][328,29][329,29][329,30][329,31][330,31][330,32][331,32][331,33][332,33][332,34][333,34][333,35][334,35][334,37][335,37][335,38][336,38][336,39][337,39][337,40][338,40][338,41][339,41][339,42][340,42][340,43][340,44][340,45][340,46][341,46][341,47][341,48][342,49][343,49][343,50][343,51][344,51][344,52][344,53][345,54][345,55][346,55][346,56][346,57][347,57][347,58][348,58][348,59][349,59][354,55][370,65][380,94][402,121][403,121][427,144][438,145][439,145][459,160][459,168][461,169][462,169][462,170][453,179][449,191][465,189][470,205][487,256][499,272][504,288][533,336][548,354][561,371][566,385][585,403][596,423][607,445][624,467][632,477][633,477][633,479][634,479]
pt
[437,339][438,339][439,339][439,340][440,340][441,340][441,341][442,341][442,342][443,342][444,342][456,358][466,382][480,419][480,420][494,440][502,449][509,469][514,479][515,479]
pt
[158,0][159,0][160,0][160,1][161,1][162,3][162,4][162,5][162,6][163,7][163,8][164,9][164,10][165,11][165,12][166,12][166,13][166,14][166,15][166,16][165,16][165,16][169,28][173,28][174,28][181,39][187,57][181,61][187,67][188,67][193,68][200,77][196,87][202,94][202,95][214,119][224,137][224,138][231,151][231,159][240,164][246,174][247,187][252,190][258,195][261,211][262,211][262,212][274,231][274,232][276,232][284,250][293,262][296,278][310,300][310,301][323,322][340,363][357,388][368,401][368,414][370,425][374,436][374,437][385,458][393,473][394,475][395,475][395,476][395,477][395,479][396,479]
pt
[425,395][425,395][426,395][427,395][428,395][429,395][443,389][447,396][447,397][453,414][449,431][444,437][444,438][443,438][443,439][436,439][434,435][439,425][443,415][439,410][436,403][427,398][424,397]
pt
[366,379][366,380][366,381][366,382][366,383][366,384][366,385][370,403][374,407][375,407][382,404][387,403][391,398][388,386][379,383][367,379][367,378]
pt
[379,431][380,431][380,432][380,433][380,434][380,435][381,435][382,435][382,436][383,436][384,436][385,436][386,436][386,435][386,434][386,433][386,432][386,431][386,429][386,428][385,428][384,428][383,428][383,427][382,427][381,427][380,431]
pt
[384,413][385,413][386,413][386,414][387,414][387,415][388,415][390,415][390,416][391,416][392,416][393,416][393,415][393,414][394,414][394,413][394,412][395,412][395,411][395,410][396,410][396,409][397,409][397,408][395,406][389,408][387,413]
pt
[407,393][407,395][408,395][409,395][410,395][410,396][411,396][416,396][416,388][408,393]
pt
[392,432][392,432][392,432][391,432][391,434][392,434][393,434][394,434][395,434][396,434][397,434][397,435][398,435][398,436][398,437][399,437][400,437][400,438][401,438][402,438][402,437][402,436][402,435][401,435][401,434][400,434][400,433][399,433][399,432][398,432][397,432][397,431][396,431][395,431][394,431][394,430][393,430][392,430][391,430][391,429]
pt
[431,375][431,374][432,374][433,374][434,374][435,374][436,374][439,374][440,372][441,372][439,369][438,369][431,371]
